모델명,세부모델,가격,신차가격,감가상각률,감가상각액(1년),2023년(예상),2024년(예상),2025년(예상),2026년(예상),2027년(예상),2028년(예상),2029년(예상),2030년(예상)
124,124,3580.0,3100.0,-1.0,-1.0,-1.0,-1.0,-1.0,-1.0,-1.0,-1.0,-1.0,-1.0
1시리즈,1시리즈 2세대 (12~19년),1538.0416666666667,4370.0,9.7,424.0,1114.0416666666667,690.375,328.8333333333333,94.125,15.0,0.0,0.0,0.0
1시리즈,1시리즈 3세대 (20년~현재),3786.0,4200.0,9.7,407.0,3379.0,2972.0,2565.0,2158.0,1751.0,1344.0,948.8,623.2
200,300C 2세대,1030.0,5770.0,11.7,675.0,355.0,0.0,0.0,0.0,0.0,0.0,0.0,0.0
2008,2008,1003.9230769230769,3113.0,11.400000000000002,355.0,648.9230769230769,297.0769230769231,76.53846153846153,17.692307692307693,0.0,0.0,0.0,0.0
207,207,547.25,3410.0,7.6,259.0,288.25,83.75,0.0,0.0,0.0,0.0,0.0,0.0
208,208,936.6666666666666,2590.0,9.6,249.0,687.6666666666666,438.6666666666667,189.66666666666666,64.66666666666667,0.0,0.0,0.0,0.0
2시리즈,2시리즈 1세대 (13~16년),1810.0,5000.0,10.0,500.0,1310.0,810.0,310.0,0.0,0.0,0.0,0.0,0.0
2시리즈,2시리즈 그란 쿠페,4496.666666666667,4210.0,10.0,421.0,4075.6666666666665,3654.6666666666665,3233.6666666666665,2812.6666666666665,2391.6666666666665,1970.6666666666667,1549.6666666666667,1128.6666666666667
2시리즈,2시리즈 액티브 투어러 1세대 (14년~현재),2118.75,4190.0,10.0,419.0,1699.75,1280.75,861.75,453.5,145.625,67.0,14.625,0.0
3008,3008 1세대,664.0,4058.0,8.6,349.0,315.0,48.8,0.0,0.0,0.0,0.0,0.0,0.0
3008,3008 2세대,2780.0,3730.0,8.6,321.0,2459.0,2138.0,1817.0,1496.0,1175.0,854.0,533.0,278.0
300C,300C 1세대,794.5,6850.0,9.2,630.0,284.5,0.0,0.0,0.0,0.0,0.0,0.0,0.0
300C,300C 2세대,1224.8333333333333,5770.0,9.2,531.0,693.8333333333334,240.66666666666666,39.0,0.0,0.0,0.0,0.0,0.0
308,308,1105.0,4750.0,10.6,504.0,601.0,348.0,222.0,96.0,0.0,0.0,0.0,0.0
3시리즈,3시리즈 4세대 (97~06년),299.0,6110.0,9.3,568.0,0.0,0.0,0.0,0.0,0.0,0.0,0.0,0.0
3시리즈,3시리즈 5세대 (05~13년),551.0,6000.0,9.3,558.0,37.8,0.0,0.0,0.0,0.0,0.0,0.0,0.0
3시리즈,3시리즈 6세대 (12~18년),2405.032258064516,5800.0,9.3,539.0,1866.032258064516,1327.032258064516,831.2795698924731,450.5698924731183,209.3548387096774,97.20430107526882,53.89247311827957,26.193548387096776
3시리즈,3시리즈 7세대 (19년~현재),4113.125,5180.0,9.3,482.0,3631.125,3149.125,2667.125,2214.25,1807.5,1415.875,1024.25,685.0
4시리즈,4시리즈 1세대 (13~20년),2627.6304347826085,6300.0,10.4,655.0,1972.6304347826087,1319.5869565217392,716.4565217391304,296.5,93.15217391304348,18.043478260869566,0.0,0.0
500,500,1337.75,2790.0,7.7,215.0,1122.75,907.75,692.75,502.75,341.5,180.25,44.0,0.0
500,500X,1534.5,3580.0,7.7,276.0,1258.5,982.5,706.5,430.5,174.5,36.5,0.0,0.0
5008,5008 2세대,2820.0,4472.0,11.1,496.0,2324.0,1828.0,1332.0,836.0,450.0,119.33333333333333,0.0,0.0
508,508 1세대,853.1666666666666,4200.0,10.3,433.0,420.1666666666667,71.33333333333333,0.0,0.0,0.0,0.0,0.0,0.0
508,508 2세대,2402.5,4600.0,10.3,474.0,1928.5,1454.5,1073.5,718.0,362.5,35.5,0.0,0.0
5시리즈,5시리즈 4세대 (95~03년),408.3333333333333,8500.0,9.4,799.0,0.0,0.0,0.0,0.0,0.0,0.0,0.0,0.0
5시리즈,5시리즈 5세대 (03~10년),554.0,7000.0,9.4,658.0,35.2,0.0,0.0,0.0,0.0,0.0,0.0,0.0
5시리즈,5시리즈 6세대 (10~16년),2282.757281553398,7500.0,9.4,705.0,1581.9805825242718,921.5922330097087,377.6990291262136,85.10679611650485,5.621359223300971,0.0,0.0,0.0
5시리즈,5시리즈 7세대 (17년~현재),4531.555555555556,8000.0,9.4,752.0,3779.5555555555557,3027.5555555555557,2275.5555555555557,1525.1777777777777,818.0111111111111,316.74444444444447,111.9888888888889,30.444444444444443
5시리즈,올 뉴 모닝 (11~15년),2120.0,1300.0,9.4,122.0,1998.0,1876.0,1754.0,1632.0,1510.0,1388.0,1266.0,1144.0
6시리즈,6시리즈 2세대 (03~10년),850.0,15000.0,9.1,1365.0,0.0,0.0,0.0,0.0,0.0,0.0,0.0,0.0
6시리즈,6시리즈 3세대 (11~18년),3394.1111111111113,12000.0,9.1,1092.0,2302.1111111111113,1210.111111111111,272.8888888888889,0.0,0.0,0.0,0.0,0.0
6시리즈,6시리즈 4세대 (18~현재),6490.0,8150.0,9.1,742.0,5748.0,5006.0,4264.0,3522.0,2780.0,2038.0,1296.0,651.3333333333334
7시리즈,7시리즈 3세대 (94~01년),590.0,9500.0,10.1,960.0,0.0,0.0,0.0,0.0,0.0,0.0,0.0,0.0
7시리즈,7시리즈 4세대 (02~09년),580.0,14000.0,10.1,1414.0,0.0,0.0,0.0,0.0,0.0,0.0,0.0,0.0
7시리즈,7시리즈 5세대 (08~15년),2321.8,15000.0,10.1,1515.0,819.8,88.0,0.0,0.0,0.0,0.0,0.0,0.0
7시리즈,7시리즈 6세대 (16년~현재),6292.461538461538,17000.0,10.099999999999998,1717.0,4575.461538461538,2858.4615384615386,1156.923076923077,171.23076923076923,0.0,0.0,0.0,0.0
86,86,2690.0,4875.0,9.0,439.0,2251.0,1812.0,1373.0,934.0,495.0,56.0,0.0,0.0
A1,A1,1180.0,3500.0,8.3,291.0,889.0,598.0,307.0,16.0,0.0,0.0,0.0,0.0
A3,A3 3세대,1666.2727272727273,4000.0,9.9,396.0,1270.2727272727273,874.2727272727273,529.8181818181819,225.63636363636363,79.0909090909091,0.36363636363636365,0.0,0.0
A4,A4 3세대,300.0,5000.0,9.0,450.0,0.0,0.0,0.0,0.0,0.0,0.0,0.0,0.0
A4,A4 4세대,1139.5862068965516,5000.0,9.0,450.0,689.5862068965517,268.2413793103448,52.58620689655172,1.7241379310344827,0.0,0.0,0.0,0.0
A4,A4 5세대,3034.6153846153848,5500.0,9.0,495.0,2539.6153846153848,2044.6153846153845,1580.7692307692307,1140.0,735.3846153846154,393.0769230769231,111.15384615384616,25.384615384615383
A5,A5 1세대,1544.8,6450.0,9.8,632.0,912.8,280.8,16.8,0.0,0.0,0.0,0.0,0.0
A5,A5 2세대,2188.3076923076924,6350.0,9.8,622.0,1566.3076923076924,952.6153846153846,555.7692307692307,386.61538461538464,243.07692307692307,125.07692307692308,29.384615384615383,0.0
A6,A6 3세대,555.0,7000.0,10.2,714.0,66.5,0.0,0.0,0.0,0.0,0.0,0.0,0.0
A6,A6 4세대,2205.225352112676,7000.0,10.2,714.0,1491.225352112676,813.4929577464789,352.49295774647885,111.22535211267606,8.732394366197184,0.0,0.0,0.0
A6,A6 5세대,5308.555555555556,7000.0,10.2,714.0,4594.555555555556,3880.5555555555557,3166.5555555555557,2452.5555555555557,1738.5555555555557,1024.5555555555557,397.6666666666667,78.11111111111111
A7,A7 1세대,2843.8888888888887,9000.0,9.3,837.0,2006.888888888889,1176.9259259259259,549.7037037037037,169.55555555555554,5.7407407407407405,0.0,0.0,0.0
A7,A7 2세대,7930.0,16000.0,9.3,1488.0,6442.0,4954.0,3466.0,1978.0,490.0,0.0,0.0,0.0
A8,A8 2세대,540.0,12000.0,8.3,996.0,0.0,0.0,0.0,0.0,0.0,0.0,0.0,0.0
A8,A8 3세대,1763.0,14000.0,8.3,1162.0,601.0,0.0,0.0,0.0,0.0,0.0,0.0,0.0
A8,A8 4세대,9465.0,15000.0,8.3,1245.0,8220.0,6975.0,5730.0,4485.0,3240.0,1995.0,750.0,0.0
AMG GT,AMG GT,20052.333333333332,21000.0,-1.0,-1.0,-1.0,-1.0,-1.0,-1.0,-1.0,-1.0,-1.0,-1.0
ATS,ATS,1687.5,5450.0,9.9,540.0,1147.5,607.5,217.5,0.0,0.0,0.0,0.0,0.0
A클래스,A클래스 3세대,2045.0,6130.0,11.8,723.0,1322.0,628.8571428571429,140.35714285714286,23.428571428571427,0.0,0.0,0.0,0.0
A클래스,A클래스 4세대,4201.866666666667,5090.0,11.8,601.0,3600.866666666667,2999.866666666667,2398.866666666667,1797.8666666666666,1205.2,788.7333333333333,525.1333333333333,284.73333333333335
B클래스,B클래스 1세대,510.0,3850.0,8.1,312.0,198.0,0.0,0.0,0.0,0.0,0.0,0.0,0.0
B클래스,B클래스 2세대,2126.0,4300.0,8.1,348.0,1778.0,1430.0,1082.0,734.0,416.0,206.8,67.6,0.0
C3,C3 에어크로스,1902.5,3100.0,-1.0,-1.0,-1.0,-1.0,-1.0,-1.0,-1.0,-1.0,-1.0,-1.0
C30,C30,570.0,3820.0,6.1,233.0,337.0,104.0,0.0,0.0,0.0,0.0,0.0,0.0
C4,C4 칵투스,1280.0,2790.0,10.9,304.0,976.0,672.0,368.0,64.0,0.0,0.0,0.0,0.0
C4,그랜드 C4 피카소,1520.0,4200.0,10.9,458.0,1062.0,604.0,146.0,0.0,0.0,0.0,0.0,0.0
C40,C40,4260.0,6300.0,-1.0,-1.0,-1.0,-1.0,-1.0,-1.0,-1.0,-1.0,-1.0,-1.0
C5,C5 에어크로스,2820.0,4300.0,11.5,495.0,2325.0,1830.0,1335.0,840.0,345.0,60.0,0.0,0.0
CC,CC,610.0,5190.0,8.8,457.0,153.0,0.0,0.0,0.0,0.0,0.0,0.0,0.0
CC,뉴 CC,1234.5384615384614,4590.0,8.8,404.0,830.5384615384615,426.53846153846155,102.92307692307692,22.153846153846153,0.0,0.0,0.0,0.0
CK미니밴,CK,239.5,1100.0,14.2,156.0,83.5,0.0,0.0,0.0,0.0,0.0,0.0,0.0
CLA클래스,CLA클래스 1세대,2803.181818181818,5380.0,9.2,495.0,2308.181818181818,1813.1818181818182,1318.1818181818182,840.0,446.8181818181818,139.0909090909091,33.18181818181818,2.272727272727273
CLA클래스,CLA클래스 2세대,4965.0,5560.0,9.2,512.0,4453.0,3941.0,3429.0,2917.0,2405.0,1893.0,1381.0,869.0
CLS클래스,CLS클래스 2세대,3482.0,8920.0,9.6,856.0,2626.0,1770.0,960.4,366.6,47.0,0.0,0.0,0.0
CLS클래스,CLS클래스 3세대,7143.8,11160.0,9.6,1071.0,6072.8,5001.8,3930.8,2859.8,1788.8,833.2,57.2,0.0
CRV,CRV 3세대,845.0,3700.0,5.5,204.0,641.0,437.0,233.0,127.0,25.0,0.0,0.0,0.0
CRV,CRV 4세대,1810.0,3900.0,5.5,215.0,1595.0,1380.0,1165.0,950.0,735.0,520.0,317.5,210.0
CRV,CRV 5세대,3170.0,3900.0,5.5,215.0,2955.0,2740.0,2525.0,2310.0,2095.0,1880.0,1665.0,1450.0
CT,CT,3215.0,4500.0,7.1,320.0,2895.0,2575.0,2255.0,1935.0,1615.0,1295.0,975.0,655.0
CT6,CT6,3386.6666666666665,8837.0,14.199999999999998,1255.0,2131.6666666666665,876.6666666666666,0.0,0.0,0.0,0.0,0.0,0.0
CTS,CTS,1914.75,7088.0,12.2,865.0,1049.75,219.75,0.0,0.0,0.0,0.0,0.0,0.0
C클래스,C클래스 3세대,1138.3846153846155,6050.0,11.599999999999998,702.0,445.15384615384613,17.846153846153847,0.0,0.0,0.0,0.0,0.0,0.0
C클래스,C클래스 4세대,3289.222222222222,8700.0,11.6,1009.0,2280.222222222222,1278.2222222222222,503.8611111111111,121.63888888888889,33.40277777777778,7.583333333333333,0.0,0.0
DS3,DS3,624.5,3300.0,9.0,297.0,327.5,32.5,0.0,0.0,0.0,0.0,0.0,0.0
DS4,DS4,690.0,4190.0,9.3,390.0,300.0,0.0,0.0,0.0,0.0,0.0,0.0,0.0
DS5,DS5,820.0,4700.0,9.2,432.0,388.0,0.0,0.0,0.0,0.0,0.0,0.0,0.0
DS7,DS7 크로스백,3650.0,5800.0,12.4,719.0,2931.0,2212.0,1493.0,774.0,55.0,0.0,0.0,0.0
EPACE,EPACE,3290.0,6470.0,14.0,906.0,2384.0,1478.0,572.0,3.0,0.0,0.0,0.0,0.0
EQC,EQC,7050.0,9860.0,-1.0,-1.0,-1.0,-1.0,-1.0,-1.0,-1.0,-1.0,-1.0,-1.0
ES,ES 5세대,929.0,5500.0,8.5,468.0,461.0,0.0,0.0,0.0,0.0,0.0,0.0,0.0
ES,ES 6세대,2791.1,6000.0,8.5,510.0,2281.1,1771.1,1261.1,773.1,409.1,108.2,0.0,0.0
ES,ES 7세대,5155.0,6000.0,8.5,510.0,4645.0,4135.0,3625.0,3115.0,2605.0,2095.0,1585.0,1075.0
EV6,EV6 (21년~현재),5606.666666666667,5500.0,-1.0,-1.0,-1.0,-1.0,-1.0,-1.0,-1.0,-1.0,-1.0,-1.0
EX,EX,530.0,5500.0,7.5,413.0,117.0,0.0,0.0,0.0,0.0,0.0,0.0,0.0
E클래스,E클래스 10세대,4809.120967741936,8920.0,10.7,954.0,3855.1209677419356,2901.1209677419356,1972.774193548387,1154.9032258064517,554.8306451612904,234.25,104.00806451612904,54.91935483870968
E클래스,E클래스 7세대,5240.0,6000.0,10.7,642.0,4598.0,3956.0,3314.0,2672.0,2030.0,1388.0,746.0,104.0
E클래스,E클래스 8세대,690.0,5950.0,10.7,637.0,53.0,0.0,0.0,0.0,0.0,0.0,0.0,0.0
E클래스,E클래스 9세대,1877.86,9540.0,10.7,1021.0,868.8,195.56,1.34,0.0,0.0,0.0,0.0,0.0
F150,F150,4536.0,4500.0,-1.0,-1.0,-1.0,-1.0,-1.0,-1.0,-1.0,-1.0,-1.0,-1.0
FPACE,FPACE,4104.0,8110.0,13.7,1111.0,2993.0,1882.0,899.6,208.4,0.0,0.0,0.0,0.0
FX,FX,530.0,8000.0,6.2,496.0,34.0,0.0,0.0,0.0,0.0,0.0,0.0,0.0
F타입,F타입,4771.666666666667,15080.0,11.4,1719.0,3052.6666666666665,1333.6666666666667,97.66666666666667,0.0,0.0,0.0,0.0,0.0
G,V36,695.3333333333334,4500.0,6.9,311.0,384.3333333333333,133.11111111111111,51.55555555555556,0.0,0.0,0.0,0.0,0.0
G37,G37,890.0,5000.0,6.8,340.0,550.0,210.0,0.0,0.0,0.0,0.0,0.0,0.0
GLA클래스,GLA클래스 1세대,3075.2727272727275,5350.0,9.9,530.0,2545.2727272727275,2015.2727272727273,1485.2727272727273,978.3030303030303,524.3636363636364,190.12121212121212,44.24242424242424,1.5151515151515151
GLA클래스,GLA클래스 2세대,4910.0,5700.0,9.9,564.0,4346.0,3782.0,3218.0,2654.0,2090.0,1526.0,962.0,398.0
GLB클래스,GLB클래스,5746.666666666667,6210.0,-1.0,-1.0,-1.0,-1.0,-1.0,-1.0,-1.0,-1.0,-1.0,-1.0
GLC클래스,GLC클래스,5264.7,8090.0,10.3,833.0,4431.7,3598.7,2765.7,1932.7,1151.7,532.0,205.75,43.9
GLE클래스,GLE클래스 1세대,4762.222222222223,5380.0,-1.0,-1.0,-1.0,-1.0,-1.0,-1.0,-1.0,-1.0,-1.0,-1.0
GLE클래스,GLE클래스 2세대,10116.25,5950.0,-1.0,-1.0,-1.0,-1.0,-1.0,-1.0,-1.0,-1.0,-1.0,-1.0
GLK클래스,GLK클래스,1688.75,6190.0,7.5,464.0,1224.75,760.75,322.25,9.75,0.0,0.0,0.0,0.0
GLS클래스,GLS클래스 2세대,6424.5,13500.0,10.5,1418.0,5006.5,3588.5,2170.5,752.5,0.0,0.0,0.0,0.0
GS,GS 4세대,1960.0,8000.0,8.4,672.0,1288.0,616.0,0.0,0.0,0.0,0.0,0.0,0.0
G클래스,G클래스 2세대,7900.0,21650.0,7.1,1537.0,6363.0,4826.0,3289.0,1752.0,215.0,0.0,0.0,0.0
H2,H2,5400.0,3312.0,-1.0,-1.0,-1.0,-1.0,-1.0,-1.0,-1.0,-1.0,-1.0,-1.0
HRV,HRV,1299.0,3190.0,9.9,316.0,983.0,667.0,351.0,35.0,0.0,0.0,0.0,0.0
IS,IS 2세대,643.3333333333334,6000.0,6.599999999999999,396.0,247.33333333333334,0.0,0.0,0.0,0.0,0.0,0.0,0.0
IS,IS 3세대,2372.3333333333335,5500.0,6.599999999999999,363.0,2009.3333333333333,1646.3333333333333,1283.3333333333333,920.3333333333334,557.3333333333334,194.66666666666666,53.0,0.0
K3,K3 (12~15년),912.3684210526316,2000.0,10.0,200.0,712.3684210526316,512.3684210526316,314.7368421052632,136.46052631578948,25.789473684210527,0.0,0.0,0.0
K3,K3 쿱 (13~16년),975.0,2000.0,10.0,200.0,775.0,575.0,375.0,175.0,65.0,0.0,0.0,0.0
K3,더 뉴 K3 (15~18년),1132.6951219512196,2000.0,10.0,200.0,932.6951219512196,738.1829268292682,553.3048780487804,378.1829268292683,222.0731707317073,97.3170731707317,34.8780487804878,18.536585365853657
K3,올 뉴 K3 (18~21년),1383.8130081300812,2400.0,10.0,240.0,1143.8130081300812,907.4715447154472,691.8617886178862,492.6747967479675,322.1056910569106,168.52845528455285,59.016260162601625,8.284552845528456
K5,K5 (10~13년),732.1186440677966,2600.0,9.8,255.0,477.1186440677966,230.45762711864407,57.23728813559322,4.915254237288136,0.0,0.0,0.0,0.0
K5,K5 (19년~현재),2327.4473684210525,3000.0,9.8,294.0,2033.4473684210527,1748.3070175438597,1479.7105263157894,1230.4298245614036,1013.3245614035088,797.2982456140351,583.2456140350877,370.5877192982456
K5,K5 2세대 (15~18년),1182.7966101694915,3000.0,9.8,294.0,890.0847457627119,613.9322033898305,365.3220338983051,164.05084745762713,42.28813559322034,4.067796610169491,0.0,0.0
K5,K5 하이브리드 (11~15년),985.0,3000.0,9.8,294.0,691.0,400.1666666666667,188.83333333333334,74.33333333333333,19.166666666666668,0.0,0.0,0.0
K5,K5 하이브리드 (19년~현재),3232.3529411764707,3300.0,9.8,323.0,2909.3529411764707,2586.3529411764707,2263.3529411764707,1940.3529411764705,1617.3529411764705,1294.3529411764705,977.8823529411765,673.8823529411765
K5,K5 하이브리드 2세대 (15~18년),1873.3333333333333,3500.0,9.8,343.0,1530.3333333333333,1187.3333333333333,844.3333333333334,501.3333333333333,166.66666666666666,0.0,0.0,0.0
K5,더 뉴 K5 (13~15년),1036.2835820895523,2500.0,9.8,245.0,791.2835820895523,546.5820895522388,315.0149253731343,118.76119402985074,18.059701492537314,1.1940298507462686,0.0,0.0
K5,더 뉴 K5 (18~20년),1495.6881720430108,2700.0,9.8,265.0,1230.6881720430108,985.3655913978495,767.8387096774194,570.3118279569892,385.48387096774195,216.55913978494624,77.52688172043011,14.086021505376344
K5,더 뉴 K5 하이브리드 (18~19년),2256.6666666666665,3000.0,9.8,294.0,1962.6666666666667,1668.6666666666667,1374.6666666666667,1080.6666666666667,786.6666666666666,492.6666666666667,198.66666666666666,12.666666666666666
K7,K7 (09~11년),586.6666666666666,3000.0,10.800000000000002,324.0,262.6666666666667,14.0,0.0,0.0,0.0,0.0,0.0,0.0
K7,K7 프리미어 (19~21년),1922.875,3500.0,10.8,378.0,1545.225,1180.725,855.15,579.2,419.125,277.375,135.625,23.375
K7,K7 프리미어 하이브리드 (19~21년),2762.1739130434785,3800.0,10.8,410.0,2352.1739130434785,1949.1304347826087,1586.9565217391305,1267.391304347826,1011.7391304347826,762.1739130434783,512.6086956521739,263.04347826086956
K7,K7 하이브리드 (13~16년),1178.3333333333333,3700.0,10.800000000000002,400.0,815.0,481.6666666666667,238.33333333333334,91.66666666666667,25.0,0.0,0.0,0.0
K7,더 뉴 K7 (12~16년),1177.088888888889,3200.0,10.8,346.0,831.0888888888888,485.0888888888889,181.24444444444444,15.244444444444444,0.0,0.0,0.0,0.0
K7,더 프레스티지 K7 (11~12년),756.2105263157895,3000.0,10.8,324.0,432.2105263157895,144.05263157894737,9.368421052631579,0.0,0.0,0.0,0.0,0.0
K7,올 뉴 K7 (16~19년),1646.0445544554455,3200.0,10.800000000000002,346.0,1306.7871287128712,993.440594059406,703.2524752475248,436.63861386138615,210.05445544554456,71.34653465346534,11.564356435643564,0.4158415841584158
K7,올 뉴 K7 하이브리드 (16년~현재),2043.6363636363637,3700.0,10.8,400.0,1647.878787878788,1297.5757575757575,1006.060606060606,733.939393939394,472.72727272727275,242.42424242424244,65.45454545454545,1.2121212121212122
K8,K8 (21년~현재),3774.0,3500.0,-1.0,-1.0,-1.0,-1.0,-1.0,-1.0,-1.0,-1.0,-1.0,-1.0
K8,K8 하이브리드 (21년~현재),4550.0,4000.0,-1.0,-1.0,-1.0,-1.0,-1.0,-1.0,-1.0,-1.0,-1.0,-1.0
K9,K9 (12~14년),1644.7407407407406,6500.0,13.8,897.0,747.7407407407408,79.62962962962963,0.0,0.0,0.0,0.0,0.0,0.0
K9,더 K9 (18년~현재),3493.271186440678,6500.0,13.8,897.0,2596.271186440678,1719.7966101694915,932.957627118644,333.54237288135596,44.80508474576271,9.11864406779661,0.6016949152542372,0.0
K9,더 뉴 K9 (14~18년),1905.4444444444443,5500.0,13.8,759.0,1161.9444444444443,499.77777777777777,83.61111111111111,0.0,0.0,0.0,0.0,0.0
K9,더 뉴 K9 (21년~현재),7360.0,7500.0,13.800000000000002,1035.0,6325.0,5290.0,4255.0,3220.0,2185.0,1150.0,143.33333333333334,0.0
LS,LS 4세대,3051.3333333333335,12000.0,10.9,1308.0,1743.3333333333333,594.3333333333334,0.0,0.0,0.0,0.0,0.0,0.0
LS,LS 5세대,7078.0,13000.0,10.9,1417.0,5661.0,4244.0,2827.0,1410.0,239.0,0.0,0.0,0.0
M,올 뉴 M,530.0,6000.0,8.3,498.0,32.0,0.0,0.0,0.0,0.0,0.0,0.0,0.0
M2,M2 (16년~현재),7200.0,11550.0,-1.0,-1.0,-1.0,-1.0,-1.0,-1.0,-1.0,-1.0,-1.0,-1.0
M3,M3 5세대 (14년~현재),5686.666666666667,12000.0,8.3,996.0,4690.666666666667,3694.6666666666665,2698.6666666666665,1702.6666666666667,706.6666666666666,0.0,0.0,0.0
M4,M4 1세대 (14년~현재),4650.0,11810.0,8.7,1027.0,3623.0,2596.0,1569.0,542.0,0.0,0.0,0.0,0.0
M5,M5 5세대 (12~17년),5190.0,14280.0,15.1,2156.0,3034.0,878.0,0.0,0.0,0.0,0.0,0.0,0.0
M5,M5 6세대 (18년~현재),11900.0,17000.0,15.1,2567.0,9333.0,6766.0,4199.0,1632.0,0.0,0.0,0.0,0.0
M6,M6 2세대 (05~10년),4390.0,18500.0,8.5,1573.0,2817.0,1244.0,0.0,0.0,0.0,0.0,0.0,0.0
MKC,MKC,2185.0,5230.0,9.7,507.0,1678.0,1171.0,664.0,157.0,0.0,0.0,0.0,0.0
MKS,MKS,856.0,5700.0,9.4,536.0,333.25,60.75,0.0,0.0,0.0,0.0,0.0,0.0
MKX,MKX 1세대,860.0,5700.0,9.3,530.0,330.0,0.0,0.0,0.0,0.0,0.0,0.0,0.0
MKX,MKX 2세대,2125.0,6100.0,9.3,567.0,1558.0,991.0,424.0,61.0,0.0,0.0,0.0,0.0
MKZ,MKZ 2세대,1765.7142857142858,5600.0,10.0,560.0,1205.7142857142858,680.0,350.0,171.42857142857142,75.71428571428571,0.0,0.0,0.0
M클래스,M클래스 2세대,1025.0,9380.0,7.0,657.0,368.0,0.0,0.0,0.0,0.0,0.0,0.0,0.0
M클래스,M클래스 3세대,3470.0,9130.0,7.0,639.0,2831.0,2192.0,1553.0,914.0,360.0,115.33333333333333,0.0,0.0
NX,NX,4510.0,6200.0,8.2,508.0,4002.0,3494.0,2986.0,2478.0,1970.0,1462.0,954.0,470.6666666666667
Q3,Q3 1세대,1712.857142857143,6000.0,9.5,570.0,1142.857142857143,572.8571428571429,161.42857142857142,0.0,0.0,0.0,0.0,0.0
Q3,Q3 2세대,4400.0,5000.0,9.5,475.0,3925.0,3450.0,2975.0,2500.0,2025.0,1550.0,1075.0,600.0
Q30,Q30,2185.0,4000.0,11.3,452.0,1733.0,1281.0,829.0,377.0,25.0,0.0,0.0,0.0
Q5,Q5 1세대,1738.3846153846155,7000.0,8.9,623.0,1115.3846153846155,508.0769230769231,188.69230769230768,67.53846153846153,19.615384615384617,0.0,0.0,0.0
Q5,Q5 2세대,6423.333333333333,7000.0,8.9,623.0,5800.333333333333,5177.333333333333,4554.333333333333,3931.3333333333335,3308.3333333333335,2685.3333333333335,2062.3333333333335,1439.3333333333333
Q50,Q50,1340.0,4200.0,9.4,395.0,945.0,550.0,185.0,35.0,0.0,0.0,0.0,0.0
Q7,Q7 1세대,2090.0,10000.0,13.5,1350.0,740.0,0.0,0.0,0.0,0.0,0.0,0.0,0.0
Q7,Q7 2세대,5374.0,9500.0,13.5,1283.0,4091.0,2808.0,1525.0,314.8,0.0,0.0,0.0,0.0
Q70,Q70,1865.0,6000.0,10.6,636.0,1229.0,593.0,51.0,0.0,0.0,0.0,0.0,0.0
Q8,Q8,9220.0,10000.0,-1.0,-1.0,-1.0,-1.0,-1.0,-1.0,-1.0,-1.0,-1.0,-1.0
QM3,QM3,930.9795918367347,2400.0,12.4,298.0,632.9795918367347,354.2040816326531,120.12244897959184,6.489795918367347,0.0,0.0,0.0,0.0
QM3,뉴 QM3,1108.235294117647,2500.0,12.4,310.0,799.4117647058823,521.7647058823529,295.0,107.3529411764706,3.823529411764706,0.0,0.0,0.0
QM5,QM5,361.0,2700.0,7.5,203.0,158.0,24.8,0.0,0.0,0.0,0.0,0.0,0.0
QM5,QM5 네오,1050.0,3000.0,7.5,225.0,825.0,600.0,375.0,176.25,29.375,0.0,0.0,0.0
QM5,뉴 QM5,596.6666666666666,3000.0,7.5,225.0,371.6666666666667,156.66666666666666,15.0,0.0,0.0,0.0,0.0,0.0
QM6,QM6,1767.4952380952382,3000.0,13.3,399.0,1368.4952380952382,980.6571428571428,605.2285714285714,263.5809523809524,47.82857142857143,6.057142857142857,2.257142857142857,0.0
QM6,뉴 QM6,2703.3333333333335,3500.0,13.300000000000002,466.0,2237.3333333333335,1771.3333333333333,1305.3333333333333,839.3333333333334,373.3333333333333,24.666666666666668,0.0,0.0
QM6,더 뉴 QM6,1297.2926829268292,3000.0,13.300000000000002,399.0,900.6585365853658,567.3414634146342,358.1219512195122,211.29268292682926,112.78048780487805,45.48780487804878,7.390243902439025,0.0
QX60,QX60,2140.0,6000.0,9.2,552.0,1588.0,1036.0,484.0,71.0,0.0,0.0,0.0,0.0
QX7,QX7,2150.0,6890.0,8.6,593.0,1557.0,964.0,371.0,0.0,0.0,0.0,0.0,0.0
RAV4,RAV4,2700.0,3740.0,6.5,243.0,2457.0,2214.0,1971.0,1728.0,1485.0,1242.0,999.0,756.0
RAV4,RAV4 4세대,1990.0,3750.0,6.5,244.0,1746.0,1502.0,1258.0,1014.0,770.0,526.0,282.0,38.0
RAV4,RAV4 5세대,3016.6666666666665,3600.0,6.5,234.0,2782.6666666666665,2548.6666666666665,2314.6666666666665,2080.6666666666665,1846.6666666666667,1612.6666666666667,1378.6666666666667,1144.6666666666667
RS5,RS5,4090.0,12000.0,9.4,1128.0,2962.0,1834.0,706.0,0.0,0.0,0.0,0.0,0.0
RX,RX 4세대,5650.0,9000.0,12.4,1116.0,4534.0,3418.0,2302.0,1186.0,435.0,0.0,0.0,0.0
S4,S4,1275.0,8000.0,7.3,584.0,691.0,107.0,0.0,0.0,0.0,0.0,0.0,0.0
S40,S40 1세대,300.0,3960.0,5.8,230.0,70.0,0.0,0.0,0.0,0.0,0.0,0.0,0.0
S60,S60 2세대,1878.3333333333333,4510.0,9.9,446.0,1442.6666666666667,1021.4444444444445,616.6666666666666,272.8888888888889,61.111111111111114,4.111111111111111,0.0,0.0
S60,S60 3세대,4250.0,5000.0,9.9,495.0,3755.0,3260.0,2765.0,2270.0,1775.0,1280.0,785.0,290.0
S7,S7,3650.0,12000.0,9.9,1188.0,2462.0,1274.0,86.0,0.0,0.0,0.0,0.0,0.0
S80,S80 2세대,1135.0,5850.0,7.7,450.0,725.0,500.0,275.0,50.0,0.0,0.0,0.0,0.0
S90,S90 2세대,4582.222222222223,6890.0,10.4,717.0,3865.222222222222,3148.222222222222,2431.222222222222,1714.2222222222222,1080.0,694.6666666666666,452.55555555555554,267.55555555555554
SLK클래스,SLK클래스 3세대,2233.3333333333335,8290.0,8.1,671.0,1562.3333333333333,891.3333333333334,234.66666666666666,2.0,0.0,0.0,0.0,0.0
SM3,SM3 네오,790.6133333333333,2000.0,9.1,182.0,608.6133333333333,426.61333333333334,252.96,108.49333333333334,23.333333333333332,2.48,0.0,0.0
SM3,SM3 뉴 제너레이션,300.0,1500.0,9.1,137.0,163.0,38.0,0.0,0.0,0.0,0.0,0.0,0.0
SM3,뉴 SM3,397.42424242424244,2000.0,9.1,182.0,215.78787878787878,68.87878787878788,1.1515151515151516,0.0,0.0,0.0,0.0,0.0
SM5,SM5,110.0,2000.0,8.9,178.0,0.0,0.0,0.0,0.0,0.0,0.0,0.0,0.0
SM5,SM5 노바,950.2835820895523,2500.0,8.9,223.0,727.2835820895523,506.7313432835821,312.74626865671644,151.55223880597015,42.6865671641791,2.1194029850746268,0.0,0.0
SM5,SM5 뉴 임프레션,335.0,2300.0,8.9,205.0,130.0,15.0,0.0,0.0,0.0,0.0,0.0,0.0
SM5,뉴 SM5,311.6666666666667,2200.0,8.9,196.0,115.66666666666667,0.0,0.0,0.0,0.0,0.0,0.0,0.0
SM5,뉴 SM5 (신형),471.03846153846155,2500.0,8.9,223.0,248.92307692307693,69.1923076923077,2.3846153846153846,0.0,0.0,0.0,0.0,0.0
SM5,뉴SM5 플래티넘,725.1351351351351,2500.0,8.9,223.0,502.13513513513516,287.4594594594595,106.89189189189189,7.621621621621622,0.0,0.0,0.0,0.0
SM6,SM6,1325.5668202764978,3000.0,13.5,405.0,920.5668202764977,529.5299539170506,213.4884792626728,38.525345622119815,3.271889400921659,0.0,0.0,0.0
SM6,더 뉴 SM6,1590.909090909091,3000.0,13.5,405.0,1185.909090909091,935.4545454545455,751.3636363636364,567.2727272727273,383.1818181818182,199.0909090909091,51.36363636363637,0.0
SM7,SM7,260.0,3200.0,10.0,320.0,0.0,0.0,0.0,0.0,0.0,0.0,0.0,0.0
SM7,SM7 노바,1200.1764705882354,3300.0,10.0,330.0,870.1764705882352,547.0392156862745,279.3921568627451,89.58823529411765,15.470588235294118,0.0,0.0,0.0
SM7,SM7 뉴 아트,387.3,3200.0,10.0,320.0,87.3,0.0,0.0,0.0,0.0,0.0,0.0,0.0
SM7,올 뉴 SM7,757.6470588235294,3300.0,10.0,330.0,427.6470588235294,121.17647058823529,7.647058823529412,0.0,0.0,0.0,0.0,0.0
SRX,SRX,880.0,7050.0,7.3,515.0,365.0,0.0,0.0,0.0,0.0,0.0,0.0,0.0
S클래스,S클래스 5세대,1518.5714285714287,19500.0,9.7,1892.0,136.71428571428572,0.0,0.0,0.0,0.0,0.0,0.0,0.0
S클래스,S클래스 6세대,7290.451612903225,24000.0,9.7,2328.0,4962.451612903225,2645.967741935484,996.6451612903226,198.4516129032258,32.58064516129032,0.0,0.0,0.0
S클래스,S클래스 7세대,21650.0,18300.0,9.7,1775.0,19875.0,18100.0,16325.0,14550.0,12775.0,11000.0,9225.0,7450.0
TRoc,티록,2560.0,3500.0,-1.0,-1.0,-1.0,-1.0,-1.0,-1.0,-1.0,-1.0,-1.0,-1.0
TT,TT 1세대,790.0,6000.0,5.3,318.0,472.0,154.0,0.0,0.0,0.0,0.0,0.0,0.0
TT,TT 2세대,949.0,6000.0,5.3,318.0,631.0,313.0,0.0,0.0,0.0,0.0,0.0,0.0
UX,UX,3726.6666666666665,5000.0,8.5,425.0,3301.6666666666665,2876.6666666666665,2451.6666666666665,2026.6666666666667,1601.6666666666667,1176.6666666666667,751.6666666666666,430.0
V40,V40 2세대,1682.5,4000.0,10.6,424.0,1258.5,834.5,410.5,33.5,0.0,0.0,0.0,0.0
V40,V40 크로스컨트리,2406.6666666666665,4610.0,10.6,489.0,1917.6666666666667,1428.6666666666667,939.6666666666666,450.6666666666667,115.0,0.0,0.0,0.0
V50,V50,550.0,3800.0,5.3,201.0,349.0,148.0,0.0,0.0,0.0,0.0,0.0,0.0
V60,V60 1세대,2550.0,5420.0,7.4,401.0,2149.0,1748.0,1347.0,946.0,545.0,144.0,0.0,0.0
V60,V60 크로스컨트리 1세대,2345.0,4180.0,7.4,309.0,2036.0,1727.0,1418.0,1109.0,800.0,491.0,182.0,24.0
V60,V60 크로스컨트리 2세대,5030.0,5640.0,7.400000000000001,417.0,4613.0,4196.0,3779.0,3362.0,2945.0,2528.0,2111.0,1694.0
V90,V90 크로스컨트리,4526.666666666667,7240.0,8.6,623.0,3903.6666666666665,3280.6666666666665,2657.6666666666665,2034.6666666666667,1411.6666666666667,788.6666666666666,202.66666666666666,0.0
V클래스,V클래스 3세대,5650.0,5720.0,0.2,11.0,5639.0,5628.0,5617.0,5606.0,5595.0,5584.0,5573.0,5562.0
X1,X1 1세대 (10~15년),926.6666666666666,5000.0,8.3,415.0,511.6666666666667,96.66666666666667,0.0,0.0,0.0,0.0,0.0,0.0
X1,X1 2세대 (16년~현재),3180.0,5000.0,8.3,415.0,2765.0,2350.0,1935.0,1540.0,1184.2857142857142,842.8571428571429,551.4285714285714,314.2857142857143
X2,X2 (18년~현재),4150.0,5500.0,-1.0,-1.0,-1.0,-1.0,-1.0,-1.0,-1.0,-1.0,-1.0,-1.0
X3,X3 1세대 (04~10년),2360.0,7410.0,9.1,674.0,1686.0,1012.0,338.0,0.0,0.0,0.0,0.0,0.0
X3,X3 2세대 (11~17년),2267.6666666666665,6850.0,9.1,623.0,1644.6666666666667,1021.6666666666666,501.77777777777777,179.11111111111111,56.111111111111114,0.0,0.0,0.0
X3,X3 3세대 (17년~현재),4351.666666666667,7500.0,9.1,683.0,3668.6666666666665,2993.3333333333335,2424.1666666666665,1855.0,1285.8333333333333,716.6666666666666,189.5,4.333333333333333
X4,X4 1세대 (14~18년),3035.5714285714284,7000.0,9.2,644.0,2391.5714285714284,1747.5714285714287,1103.5714285714287,459.57142857142856,25.714285714285715,0.0,0.0,0.0
X4,X4 2세대 (18년~현재),6018.0,8000.0,9.2,736.0,5282.0,4546.0,3810.0,3074.0,2338.0,1602.0,866.0,302.4
X5,X5 3세대 (13~18년),4705.0,10500.0,9.3,977.0,3728.0,2751.0,1774.0,858.3333333333334,415.0,151.5,70.08333333333333,0.0
X5,X5 4세대 (19년~현재),8480.0,11000.0,9.3,1023.0,7457.0,6434.0,5411.0,4388.0,3365.0,2459.0,1691.75,1095.5
X6,X6 1세대 (08~14년),2696.3333333333335,11000.0,10.3,1133.0,1563.3333333333333,669.0,216.66666666666666,0.0,0.0,0.0,0.0,0.0
X6,X6 2세대 (14~19년),5287.7,12500.0,10.3,1288.0,3999.7,2711.7,1434.5,566.7,82.0,0.0,0.0,0.0
X6,X6 3세대 (20년~현재),7000.0,13000.0,10.3,1339.0,5661.0,4322.0,2983.0,1847.0,1177.5,508.0,0.0,0.0
X7,X7 (19년~현재),11628.5,13000.0,-1.0,-1.0,-1.0,-1.0,-1.0,-1.0,-1.0,-1.0,-1.0,-1.0
XC60,XC60 1세대,1665.0,6220.0,7.3,454.0,1211.0,757.0,303.0,0.0,0.0,0.0,0.0,0.0
XC60,XC60 2세대,6331.0,6590.0,7.3,481.0,5850.0,5369.0,4888.0,4407.0,3926.0,3445.0,2964.0,2483.0
XC90,XC90 1세대,690.0,9390.0,6.9,648.0,42.0,0.0,0.0,0.0,0.0,0.0,0.0,0.0
XC90,XC90 2세대,6182.5,8720.0,6.9,602.0,5580.5,4978.5,4376.5,3774.5,3172.5,2570.5,1968.5,1464.25
XE,XE,1963.2222222222222,6120.0,12.7,777.0,1186.2222222222222,417.8888888888889,68.66666666666667,0.0,0.0,0.0,0.0,0.0
XF,XF,1179.0,8320.0,11.1,924.0,292.0,0.0,0.0,0.0,0.0,0.0,0.0,0.0
XF,뉴 XF,2750.4444444444443,7670.0,11.1,851.0,1899.4444444444443,1048.4444444444443,479.77777777777777,193.11111111111111,0.0,0.0,0.0,0.0
XJ,XJ,2285.0,13200.0,10.8,1426.0,885.5,304.5,0.0,0.0,0.0,0.0,0.0,0.0
XJ,XJ 5세대,6537.0,16600.0,10.8,1793.0,4744.0,2951.0,1158.0,0.0,0.0,0.0,0.0,0.0
XM3,XM3,1536.655172413793,2300.0,-1.0,-1.0,-1.0,-1.0,-1.0,-1.0,-1.0,-1.0,-1.0,-1.0
XT5,XT5,3960.0,6793.0,13.9,944.0,3016.0,2072.0,1128.0,184.0,0.0,0.0,0.0,0.0
Z4,Z4 1세대 (02~09년),1555.0,7000.0,5.5,385.0,1170.0,785.0,400.0,15.0,0.0,0.0,0.0,0.0
Z4,Z4 2세대 (09~16년),2035.0,8500.0,5.5,468.0,1567.0,1099.0,631.0,163.0,0.0,0.0,0.0,0.0
i3,i3 (14년~현재),2207.25,6200.0,10.7,663.0,1544.25,881.25,337.75,172.0,6.25,0.0,0.0,0.0
i30,I30,467.8,2200.0,7.1,156.0,311.8,155.8,48.8,1.2,0.0,0.0,0.0,0.0
i30,i30,558.3333333333334,2200.0,7.099999999999999,156.0,402.3333333333333,246.33333333333334,101.66666666666667,0.0,0.0,0.0,0.0,0.0
i30,i30 GD,710.0,1950.0,7.099999999999999,138.0,572.0,434.0,296.0,165.33333333333334,73.33333333333333,0.0,0.0,0.0
i30,i30 PD,1667.0344827586207,2379.0,7.1,169.0,1498.0344827586207,1329.0344827586207,1160.0344827586207,991.0344827586207,823.9310344827586,670.4827586206897,532.9655172413793,402.17241379310343
i30,i30CW,400.0,1700.0,7.1,121.0,279.0,158.0,37.0,0.0,0.0,0.0,0.0,0.0
i30,뉴 i30,870.4761904761905,2615.0,7.1,186.0,684.4761904761905,498.4761904761905,312.4761904761905,130.1904761904762,24.285714285714285,1.1428571428571428,0.0,0.0
i30,더 뉴 i30,1062.75,2240.0,7.1,159.0,903.75,744.75,585.75,426.75,267.75,132.0,36.75,0.0
i40,i40,1050.6923076923076,2700.0,6.799999999999999,184.0,866.6923076923077,682.6923076923077,498.6923076923077,314.6923076923077,161.53846153846155,45.61538461538461,1.4615384615384615,0.0
i40,i40 살룬,963.1578947368421,2800.0,6.8,190.0,773.1578947368421,583.1578947368421,393.1578947368421,212.6315789473684,61.578947368421055,5.7894736842105265,0.0,0.0
i40,더 뉴 i40,1620.0,2700.0,6.8,184.0,1436.0,1252.0,1068.0,884.0,700.0,516.0,332.0,148.0
i40,더 뉴 i40 살룬,1505.0,2800.0,6.8,190.0,1315.0,1125.0,935.0,745.0,555.0,365.0,175.0,5.0
i8,i8 (15년~현재),8557.0,20000.0,8.2,1640.0,6917.0,5277.0,3637.0,1997.0,357.0,0.0,0.0,0.0
갤로퍼,갤로퍼,850.0,1800.0,1.7,31.0,819.0,788.0,757.0,726.0,695.0,664.0,633.0,602.0
갤로퍼,갤로퍼2,1270.0,1800.0,1.7,31.0,1239.0,1208.0,1177.0,1146.0,1115.0,1084.0,1053.0,1022.0
골프,골프 5세대,499.0,3800.0,8.2,312.0,187.0,0.0,0.0,0.0,0.0,0.0,0.0,0.0
골프,골프 6세대,692.9,3500.0,8.2,287.0,405.9,139.7,19.9,0.0,0.0,0.0,0.0,0.0
골프,골프 7세대,1439.8095238095239,4000.0,8.2,328.0,1111.8095238095239,783.8095238095239,467.6190476190476,226.8095238095238,94.61904761904762,52.57142857142857,21.333333333333332,3.619047619047619
그랜저,그랜저 뉴 럭셔리,468.2173913043478,3300.0,10.4,343.0,133.34782608695653,0.0,0.0,0.0,0.0,0.0,0.0,0.0
그랜저,그랜저HG,1128.695652173913,3600.0,10.4,374.0,754.695652173913,392.1,122.3695652173913,15.434782608695652,1.173913043478261,0.0,0.0,0.0
그랜저,그랜저HG 하이브리드,1551.9,4000.0,10.4,416.0,1135.9,719.9,328.8,48.0,0.0,0.0,0.0,0.0
그랜저,그랜저IG,1883.6420233463034,3300.0,10.4,343.0,1540.750972762646,1204.5758754863814,896.9727626459144,615.4299610894942,364.5272373540856,157.45525291828793,41.824902723735406,4.7587548638132295
그랜저,그랜저IG 하이브리드,2202.74,3700.0,10.4,385.0,1817.74,1458.2066666666667,1140.94,868.8066666666666,617.0666666666667,385.46666666666664,184.7,42.6
그랜저,그랜저TG,405.0,2498.0,10.4,260.0,145.0,0.0,0.0,0.0,0.0,0.0,0.0,0.0
그랜저,뉴그랜저XG,290.0,3106.0,10.4,323.0,0.0,0.0,0.0,0.0,0.0,0.0,0.0,0.0
그랜저,더 뉴 그랜저,3474.5454545454545,3925.0,10.4,408.0,3066.5454545454545,2658.5454545454545,2250.5454545454545,1842.5454545454545,1434.5454545454545,1026.5454545454545,618.5454545454545,248.5909090909091
그랜저,더 뉴 그랜저 하이브리드,4061.5555555555557,4400.0,10.4,458.0,3603.5555555555557,3145.5555555555557,2687.5555555555557,2229.5555555555557,1771.5555555555557,1313.5555555555557,855.5555555555555,399.64444444444445
그랜저,더 뉴 그랜저IG,1797.5566037735848,3200.0,10.4,333.0,1464.5566037735848,1146.0094339622642,854.4622641509434,625.5188679245283,443.02830188679246,332.85849056603774,238.71698113207546,163.4245283018868
그랜저,더 뉴 그랜저IG 하이브리드,1313.875,3700.0,10.4,385.0,944.5,641.375,448.875,298.875,207.0,158.875,110.75,62.625
그랜저,더 럭셔리 그랜저,625.0,3500.0,10.4,364.0,261.0,7.0,0.0,0.0,0.0,0.0,0.0,0.0
글래디에이터,글래디에이터,6142.5,7070.0,-1.0,-1.0,-1.0,-1.0,-1.0,-1.0,-1.0,-1.0,-1.0,-1.0
기블리,기블리,4507.0,14120.0,11.7,1652.0,2855.0,1203.0,356.8,26.4,0.0,0.0,0.0,0.0
넥쏘,넥쏘,2545.0,6800.0,-1.0,-1.0,-1.0,-1.0,-1.0,-1.0,-1.0,-1.0,-1.0,-1.0
노틸러스,노틸러스,4443.333333333333,6500.0,-1.0,-1.0,-1.0,-1.0,-1.0,-1.0,-1.0,-1.0,-1.0,-1.0
뉴클릭,뉴클릭,287.5,1000.0,5.6,56.0,231.5,175.5,119.5,64.5,22.5,3.5,0.0,0.0
니로,니로 (16~19년),1478.9420289855072,3000.0,13.3,399.0,1097.231884057971,774.0144927536232,511.72463768115944,264.7391304347826,70.89855072463769,15.391304347826088,7.3478260869565215,1.565217391304348
니로,니로 EV (18년~현재),3570.0,5000.0,13.3,665.0,2905.0,2240.0,1575.0,910.0,245.0,0.0,0.0,0.0
니로,더 뉴 니로 (19년~현재),1882.857142857143,3200.0,13.3,426.0,1466.7142857142858,1145.857142857143,872.0,598.1428571428571,324.2857142857143,90.28571428571429,0.0,0.0
다마스,뉴다마스,563.125,1000.0,10.0,100.0,463.125,363.125,264.375,179.79166666666666,113.95833333333333,57.5,16.666666666666668,2.9166666666666665
다코타,다코타,1570.0,5000.0,4.6,230.0,1340.0,1110.0,880.0,650.0,420.0,190.0,0.0,0.0
두에고,두에고,860.0,6800.0,9.7,660.0,200.0,0.0,0.0,0.0,0.0,0.0,0.0,0.0
디스커버리,디스커버리 3,1190.0,7500.0,8.6,645.0,545.0,0.0,0.0,0.0,0.0,0.0,0.0,0.0
디스커버리,디스커버리 4,3039.75,9000.0,8.6,774.0,2265.75,1491.75,717.75,176.75,0.0,0.0,0.0,0.0
디스커버리,디스커버리 5,4586.0,10000.0,8.6,860.0,3726.0,2866.0,2006.0,1146.0,332.0,18.0,0.0,0.0
디스커버리 스포츠,디스커버리 스포츠,3011.4761904761904,6500.0,11.6,754.0,2257.4761904761904,1503.4761904761904,788.0,292.95238095238096,108.0952380952381,12.666666666666666,0.0,0.0
라보,뉴 라보,616.2727272727273,860.0,7.1,61.0,555.2727272727273,494.27272727272725,433.27272727272725,372.27272727272725,311.27272727272725,250.27272727272728,192.63636363636363,139.8181818181818
라브4,라브4 4세대,2680.0,4000.0,8.2,328.0,2352.0,2024.0,1696.0,1368.0,1040.0,712.0,384.0,56.0
라세티,라세티 프리미어,305.7142857142857,1600.0,6.6,106.0,199.71428571428572,108.28571428571429,40.857142857142854,10.285714285714286,0.0,0.0,0.0,0.0
랜서,랜서,670.0,2990.0,7.1,212.0,458.0,246.0,42.0,0.0,0.0,0.0,0.0,0.0
램픽업,램픽업,7450.0,28800.0,24.7,7114.0,336.0,0.0,0.0,0.0,0.0,0.0,0.0,0.0
랭글러,랭글러 3세대,2993.3333333333335,5290.0,5.7,302.0,2691.3333333333335,2389.3333333333335,2087.3333333333335,1785.3333333333333,1497.7777777777778,1229.3333333333333,971.3333333333334,736.4444444444445
랭글러,랭글러 4세대,5227.5,6000.0,5.7,342.0,4885.5,4543.5,4201.5,3859.5,3517.5,3175.5,2833.5,2491.5
레니게이드,레니게이드,2478.3333333333335,4090.0,12.2,499.0,1979.3333333333333,1480.3333333333333,984.925925925926,542.5555555555555,189.62962962962962,12.518518518518519,0.0,0.0
레스타,레스타,2300.0,6500.0,7.2,468.0,1832.0,1364.0,896.0,428.0,0.0,0.0,0.0,0.0
레이,더 뉴 레이 (17년~현재),963.28125,1300.0,8.0,104.0,859.28125,755.96875,657.46875,570.90625,488.75,414.84375,342.9375,277.984375
레이,레이 (11~17년),776.2784810126582,1500.0,8.0,120.0,656.2784810126582,536.9113924050633,418.8101265822785,301.9746835443038,192.1139240506329,101.88607594936708,44.43037974683544,22.189873417721518
레이스,레이스,24935.0,40000.0,5.4,2160.0,22775.0,20615.0,18455.0,16295.0,14135.0,11975.0,9815.0,7655.0
레인저,레인저,5546.666666666667,6390.0,-1.0,-1.0,-1.0,-1.0,-1.0,-1.0,-1.0,-1.0,-1.0,-1.0
레인지로버,레인지로버 3세대,1560.0,15000.0,8.8,1320.0,240.0,0.0,0.0,0.0,0.0,0.0,0.0,0.0
레인지로버,레인지로버 4세대,9033.333333333334,20000.0,8.8,1760.0,7273.333333333333,5736.666666666667,4563.333333333333,3390.0,2216.6666666666665,1346.6666666666667,760.0,173.33333333333334
레인지로버 ,레인지로버 4세대,13950.0,20000.0,7.6,1520.0,12430.0,10910.0,9390.0,7870.0,6350.0,4830.0,3310.0,1790.0
레인지로버  이보크,레인지로버이보크 1세대,2712.5,9000.0,11.1,999.0,1713.5,714.5,3.25,0.0,0.0,0.0,0.0,0.0
레인지로버  이보크,레인지로버이보크 2세대,5050.0,9000.0,11.1,999.0,4051.0,3052.0,2053.0,1054.0,55.0,0.0,0.0,0.0
레인지로버 벨라,레인지로버 벨라,7300.0,11000.0,11.2,1232.0,6068.0,4836.0,3604.0,2372.0,1140.0,0.0,0.0,0.0
레인지로버 스포츠,뉴 레인지로버 스포츠,4697.833333333333,15000.0,10.0,1500.0,3197.8333333333335,1706.1666666666667,691.6666666666666,170.0,45.0,0.0,0.0,0.0
레인지로버 스포츠,레인지로버 스포츠,2620.0,11000.0,10.0,1100.0,1520.0,420.0,0.0,0.0,0.0,0.0,0.0,0.0
레인지로버 이보크,레인지로버 이보크,2408.8,9000.0,11.3,1017.0,1391.8,400.2,0.0,0.0,0.0,0.0,0.0,0.0
레인지로버 이보크,올 뉴 레인지로버 이보크,4676.5,8000.0,11.3,904.0,3772.5,2868.5,1964.5,1060.5,515.0,63.0,0.0,0.0
렉스턴,G4 렉스턴,2607.16,4000.0,-1.0,-1.0,-1.0,-1.0,-1.0,-1.0,-1.0,-1.0,-1.0,-1.0
렉스턴,더 뉴 렉스턴 스포츠,3056.6666666666665,3300.0,-1.0,-1.0,-1.0,-1.0,-1.0,-1.0,-1.0,-1.0,-1.0,-1.0
렉스턴,더 뉴 렉스턴 스포츠 칸,3312.1428571428573,3550.0,-1.0,-1.0,-1.0,-1.0,-1.0,-1.0,-1.0,-1.0,-1.0,-1.0
렉스턴,렉스턴 2,250.0,3500.0,-1.0,-1.0,-1.0,-1.0,-1.0,-1.0,-1.0,-1.0,-1.0,-1.0
렉스턴,렉스턴 스포츠,2305.344262295082,2800.0,-1.0,-1.0,-1.0,-1.0,-1.0,-1.0,-1.0,-1.0,-1.0,-1.0
렉스턴,렉스턴 스포츠 칸,2523.860465116279,3250.0,-1.0,-1.0,-1.0,-1.0,-1.0,-1.0,-1.0,-1.0,-1.0,-1.0
렉스턴,렉스턴W,1202.4166666666667,3450.0,-1.0,-1.0,-1.0,-1.0,-1.0,-1.0,-1.0,-1.0,-1.0,-1.0
렉스턴,슈퍼 렉스턴,550.0,3200.0,-1.0,-1.0,-1.0,-1.0,-1.0,-1.0,-1.0,-1.0,-1.0,-1.0
렉스턴,올 뉴 렉스턴,3735.0,4500.0,-1.0,-1.0,-1.0,-1.0,-1.0,-1.0,-1.0,-1.0,-1.0,-1.0
로그,로그 2세대,585.0,5000.0,7.7,385.0,202.5,10.0,0.0,0.0,0.0,0.0,0.0,0.0
로디우스,뉴 로디우스,310.0,2900.0,5.9,171.0,139.0,0.0,0.0,0.0,0.0,0.0,0.0,0.0
로디우스,로디우스,215.0,2700.0,5.9,159.0,56.0,0.0,0.0,0.0,0.0,0.0,0.0,0.0
로체,로체 (05~07년),375.0,2500.0,6.4,160.0,215.0,55.0,0.0,0.0,0.0,0.0,0.0,0.0
로체,로체 어드밴스 (07~08년),330.0,2000.0,6.4,128.0,202.0,74.0,0.0,0.0,0.0,0.0,0.0,0.0
로체,로체 이노베이션 (08~10년),426.6666666666667,2200.0,6.400000000000001,141.0,285.6666666666667,145.0,48.5,1.0,0.0,0.0,0.0,0.0
르반떼,르반떼,7623.333333333333,19200.0,15.1,2899.0,4724.333333333333,1861.3333333333333,34.333333333333336,0.0,0.0,0.0,0.0,0.0
마스터,뉴 마스터,3850.0,3000.0,-1.0,-1.0,-1.0,-1.0,-1.0,-1.0,-1.0,-1.0,-1.0,-1.0
마스터,마스터,2590.0,3800.0,-1.0,-1.0,-1.0,-1.0,-1.0,-1.0,-1.0,-1.0,-1.0,-1.0
마스터,미스터,3380.0,3800.0,-1.0,-1.0,-1.0,-1.0,-1.0,-1.0,-1.0,-1.0,-1.0,-1.0
마이티,마이티,2570.9375,5500.0,6.2,341.0,2229.9375,1888.9375,1547.9375,1215.9375,930.9375,682.125,474.1875,297.25
마칸,마칸,6614.666666666667,11450.0,7.5,859.0,5755.666666666667,4896.666666666667,4037.6666666666665,3178.6666666666665,2319.6666666666665,1612.1666666666667,1066.6666666666667,837.8333333333334
마티즈,All New 마티즈,180.0,1200.0,6.2,74.0,106.0,32.0,0.0,0.0,0.0,0.0,0.0,0.0
마티즈,마티즈 크리에이티브,313.6363636363636,1100.0,6.2,68.0,245.63636363636363,177.63636363636363,109.63636363636364,51.45454545454545,16.363636363636363,0.0,0.0,0.0
말리부,더 뉴 말리부,2153.3278688524592,3150.0,10.8,340.0,1813.327868852459,1473.327868852459,1133.327868852459,793.327868852459,458.0983606557377,190.40983606557376,49.26229508196721,10.819672131147541
말리부,말리부,811.3191489361702,3800.0,10.8,410.0,401.3191489361702,59.57446808510638,0.0,0.0,0.0,0.0,0.0,0.0
말리부,올 뉴 말리부,1563.5977011494253,3000.0,10.8,324.0,1239.5977011494253,915.5977011494252,591.8505747126437,294.58620689655174,85.11494252873563,13.71264367816092,0.0,0.0
맥시마,맥시마 8세대,1705.0,4430.0,12.3,545.0,1160.0,615.0,70.0,0.0,0.0,0.0,0.0,0.0
머스탱,머스탱 5세대,1100.0,4805.0,7.0,336.0,764.0,428.0,92.0,0.0,0.0,0.0,0.0,0.0
머스탱,머스탱 6세대,3554.6153846153848,5370.0,7.0,376.0,3178.6153846153848,2802.6153846153848,2426.6153846153848,2050.6153846153848,1674.6153846153845,1298.6153846153845,985.7692307692307,701.0
모닝,뉴모닝 (08~11년),339.5652173913044,1000.0,6.8,68.0,271.5652173913044,203.56521739130434,136.17391304347825,79.47826086956522,35.65217391304348,5.217391304347826,0.0,0.0
모닝,더 뉴 모닝 (15~17년),734.2247191011236,1000.0,6.799999999999999,68.0,666.2247191011236,598.2247191011236,530.2247191011236,462.2247191011236,394.2247191011236,326.85393258426967,260.8988764044944,195.68539325842696
모닝,모닝 (04~08년),180.0,1000.0,6.8,68.0,112.0,44.0,0.0,0.0,0.0,0.0,0.0,0.0
모닝,모닝 어반 (20년~현재),1260.5625,1250.0,6.8,85.0,1175.5625,1090.5625,1005.5625,920.5625,835.5625,750.5625,665.5625,580.5625
모닝,올 뉴 모닝 (11~15년),644.9403973509934,1300.0,6.8,88.0,556.9403973509934,468.94039735099335,380.94039735099335,294.41059602649005,211.86092715231788,139.53642384105962,91.27814569536424,68.69536423841059
모닝,올 뉴 모닝 (17~20년),751.1306818181819,1350.0,6.8,92.0,659.1306818181819,567.3806818181819,477.39204545454544,391.8011363636364,310.33522727272725,236.26704545454547,171.9943181818182,118.76704545454545
모델 3,모델 3,6161.666666666667,6469.0,-1.0,-1.0,-1.0,-1.0,-1.0,-1.0,-1.0,-1.0,-1.0,-1.0
모하비,더 뉴 모하비 (16년~19년),2038.3411764705882,4400.0,11.0,484.0,1564.7882352941176,1158.3882352941177,802.1764705882352,481.49411764705883,232.58823529411765,75.43529411764706,6.9411764705882355,0.0
모하비,모하비 (07~16년),2027.861111111111,4000.0,11.0,440.0,1587.861111111111,1158.4166666666667,805.2222222222222,549.7222222222222,466.3888888888889,446.1111111111111,433.8888888888889,421.6666666666667
모하비,모하비 더 마스터 (19년~현재),3752.464285714286,5250.0,11.0,578.0,3175.7214285714285,2629.4214285714284,2127.0214285714287,1682.15,1243.5357142857142,805.9071428571428,368.2785714285714,27.87142857142857
몬데오,몬데오 4세대,1318.0,3850.0,12.2,470.0,848.0,434.0,178.0,74.0,0.0,0.0,0.0,0.0
무라노,무라노 3세대,2290.0,5000.0,9.0,450.0,1840.0,1390.0,940.0,490.0,40.0,0.0,0.0,0.0
박스터,박스터,5845.0,13180.0,6.2,817.0,5028.0,4211.0,3394.0,2577.0,1760.0,943.0,126.0,0.0
밴티지,밴티지,8200.0,20000.0,8.4,1680.0,6520.0,4840.0,3160.0,1480.0,0.0,0.0,0.0,0.0
베뉴,베뉴,1184.1666666666667,1900.0,-1.0,-1.0,-1.0,-1.0,-1.0,-1.0,-1.0,-1.0,-1.0,-1.0
베르나,베르나,380.0,1200.0,5.5,66.0,314.0,248.0,182.0,116.0,50.0,8.0,0.0,0.0
베리타스,베라티스,580.0,5250.0,6.8,357.0,223.0,0.0,0.0,0.0,0.0,0.0,0.0,0.0
벤자,벤자,1290.0,5000.0,8.2,410.0,880.0,470.0,60.0,0.0,0.0,0.0,0.0,0.0
벨로스터,더 뉴 벨로스터,1199.0,2400.0,8.5,204.0,995.0,791.0,587.0,383.0,207.375,99.125,59.0,33.5
벨로스터,벨로스터,746.7931034482758,2400.0,8.5,204.0,542.7931034482758,338.7931034482759,152.0,34.793103448275865,0.0,0.0,0.0,0.0
벨로스터,벨로스터 JS,1543.948717948718,2300.0,8.5,196.0,1347.948717948718,1152.2564102564102,964.0512820512821,790.974358974359,628.3076923076923,467.8974358974359,314.20512820512823,175.74358974358975
벨로스터,벨로스터 N,2474.5454545454545,3200.0,8.5,272.0,2202.5454545454545,1930.5454545454545,1658.5454545454545,1386.5454545454545,1114.5454545454545,842.5454545454545,582.0909090909091,331.72727272727275
볼트,볼트EV,2662.0,4130.0,9.9,409.0,2253.0,1844.0,1435.0,1026.0,617.0,208.0,0.0,0.0
봉고,더 뉴 봉고3 (19년~현재),1459.0217391304348,2500.0,8.2,205.0,1254.891304347826,1096.195652173913,958.0434782608696,819.8913043478261,684.6739130434783,550.9782608695652,417.7173913043478,305.10869565217394
봉고,봉고3 (04~19년),1024.05223880597,1500.0,8.2,123.0,901.0522388059702,778.0522388059702,666.0074626865671,564.2611940298508,474.76119402985074,393.04477611940297,321.73880597014926,257.9776119402985
봉고,봉고3 EV (20년~현재),2010.0,4500.0,8.2,369.0,1641.0,1272.0,966.5,782.0,597.5,413.0,228.5,44.0
비스토,비스토 1세대 (19~04년),350.0,750.0,-1.0,-1.0,-1.0,-1.0,-1.0,-1.0,-1.0,-1.0,-1.0,-1.0
비틀,뉴비틀 2세대,430.0,3300.0,6.7,221.0,209.5,99.0,0.0,0.0,0.0,0.0,0.0,0.0
비틀,더 비틀 3세대,1318.0,3281.0,6.7,220.0,1098.0,878.0,658.0,438.0,220.0,92.0,28.0,0.0
셀토스,셀토스 (19년~현재),1846.3636363636363,2750.0,-1.0,-1.0,-1.0,-1.0,-1.0,-1.0,-1.0,-1.0,-1.0,-1.0
스타렉스,그랜드 스타렉스,1390.6666666666667,2600.0,7.2,187.0,1203.6666666666667,1017.1891891891892,842.7027027027027,685.2882882882883,540.8288288288288,411.6216216216216,292.8918918918919,200.61261261261262
스타렉스,더 뉴 그랜드 스타렉스,1939.987951807229,2625.0,7.2,189.0,1750.987951807229,1566.9036144578313,1399.7349397590363,1233.698795180723,1071.012048192771,911.7710843373494,756.9277108433735,603.8072289156627
스타리아,스타리아,3705.0,3400.0,-1.0,-1.0,-1.0,-1.0,-1.0,-1.0,-1.0,-1.0,-1.0,-1.0
스토닉,스토닉 (17년~현재),1323.5531914893618,2000.0,9.6,192.0,1131.5531914893618,939.5531914893617,751.4255319148937,577.7659574468086,422.06382978723406,277.0,146.91489361702128,52.191489361702125
스팅어,스팅어 (17~20년),2397.78,4000.0,12.1,484.0,1913.78,1456.38,1053.22,689.28,364.6,107.68,17.56,0.0
스팅어,스팅어 마이스터 (20년~현재),4262.5,4500.0,12.1,545.0,3717.5,3172.5,2627.5,2082.5,1537.5,992.5,447.5,102.5
스파크,더 넥스트 스파크,839.1694915254237,1000.0,5.0,50.0,789.1694915254237,739.1694915254237,689.1694915254237,639.1694915254237,589.1694915254237,539.1694915254237,489.1694915254237,439.1694915254237
스파크,더 뉴 스파크,1042.3766233766235,1200.0,5.0,60.0,982.3766233766233,922.3766233766233,862.3766233766233,802.3766233766233,742.3766233766233,682.3766233766233,622.3766233766233,562.5714285714286
스파크,스파크,507.6171428571429,1000.0,5.0,50.0,457.6171428571429,407.6171428571429,357.6171428571429,307.68,258.14285714285717,209.17714285714285,161.41142857142856,116.05714285714286
스포티지,기아 더 SUV 스포티지,503.04347826086956,2500.0,8.5,213.0,290.04347826086956,117.04347826086956,47.65217391304348,13.391304347826088,4.130434782608695,0.0,0.0,0.0
스포티지,뉴 스포티지 (04~10년),532.5,3000.0,8.5,255.0,277.5,117.5,53.75,0.0,0.0,0.0,0.0,0.0
스포티지,더 뉴 스포티지R (13~16년),1255.4032258064517,2500.0,8.5,213.0,1042.4032258064517,829.4032258064516,616.4032258064516,403.758064516129,199.29032258064515,52.016129032258064,7.854838709677419,0.7419354838709677
스포티지,스포티지 4세대 (15~18년),1721.5114503816794,2500.0,8.5,213.0,1508.5114503816794,1295.5114503816794,1082.5114503816794,869.5114503816794,657.6946564885496,449.57251908396944,256.48854961832063,107.06870229007633
스포티지,스포티지 더 볼드 (18년~현재),1520.9615384615386,3000.0,8.5,255.0,1266.7948717948718,1031.7307692307693,835.7692307692307,669.9358974358975,515.3846153846154,361.7307692307692,219.03846153846155,106.7948717948718
스포티지,스포티지R (10~13년),919.8857142857142,2500.0,8.5,213.0,706.8857142857142,493.8857142857143,284.8285714285714,114.74285714285715,25.857142857142858,2.057142857142857,0.0,0.0
스프린터,스프린터 2세대,4700.0,15890.0,14.1,2240.0,2460.0,220.0,0.0,0.0,0.0,0.0,0.0,0.0
시로코,시로코 3세대,1235.4,4271.0,7.6,325.0,910.4,585.4,316.4,121.4,25.0,0.0,0.0,0.0
시빅,시빅 10세대,1827.5,3340.0,9.2,307.0,1520.5,1213.5,906.5,599.5,292.5,14.0,0.0,0.0
시빅,시빅 8세대,1040.0,3000.0,9.2,276.0,764.0,488.0,212.0,0.0,0.0,0.0,0.0,0.0
시빅,시빅 9세대,970.0,3150.0,9.2,290.0,680.0,390.0,100.0,0.0,0.0,0.0,0.0,0.0
시에나,시에나,2287.777777777778,6000.0,9.1,546.0,1741.7777777777778,1195.7777777777778,649.7777777777778,233.33333333333334,48.888888888888886,0.0,0.0,0.0
싼타페,더 뉴 싼타페,2200.655172413793,3800.0,9.4,357.0,1846.2068965517242,1532.8620689655172,1241.655172413793,1025.551724137931,835.6551724137931,651.0,473.55172413793105,304.17241379310343
싼타페,더 뉴 싼타페 하이브리드,4420.0,4000.0,9.4,376.0,4044.0,3668.0,3292.0,2916.0,2540.0,2164.0,1788.0,1412.0
싼타페,싼타페,1850.0,3800.0,9.4,357.0,1493.0,1136.0,779.0,422.0,65.0,0.0,0.0,0.0
싼타페,싼타페 더 스타일,665.0,3100.0,9.4,291.0,374.0,88.33333333333333,0.0,0.0,0.0,0.0,0.0,0.0
싼타페,싼타페 더 프라임,1740.5748031496064,3400.0,9.4,320.0,1420.5748031496064,1108.9212598425197,813.6456692913385,530.9685039370079,257.66141732283467,57.61417322834646,5.669291338582677,0.0
싼타페,싼타페CM,754.2142857142857,3100.0,9.4,291.0,463.2142857142857,213.21428571428572,53.92857142857143,14.0,0.0,0.0,0.0,0.0
싼타페,싼타페DM,1426.0217391304348,2970.0,9.4,279.0,1147.0217391304348,868.0217391304348,589.0217391304348,316.1630434782609,107.03260869565217,18.380434782608695,3.739130434782609,0.0
싼타페,싼타페TM,2135.590361445783,3600.0,9.4,338.0,1799.1686746987953,1486.1686746987953,1213.7590361445782,980.3493975903615,756.3734939759037,532.3975903614457,320.30120481927713,142.25301204819277
쏘나타,EF쏘나타,390.0,1700.0,8.7,148.0,242.0,94.0,0.0,0.0,0.0,0.0,0.0,0.0
쏘나타,LF쏘나타,1242.8839285714287,2600.0,8.7,226.0,1016.8839285714286,792.7232142857143,575.8482142857143,377.04464285714283,201.875,83.08928571428571,23.625,6.75
쏘나타,LF쏘나타 하이브리드,1542.5,3139.0,8.7,273.0,1269.5,996.5,723.5,454.5,239.375,74.75,3.625,0.0
쏘나타,NF쏘나타,288.0,1700.0,8.7,148.0,140.0,12.8,0.0,0.0,0.0,0.0,0.0,0.0
쏘나타,NF쏘나타 트랜스폼,445.1818181818182,2400.0,8.7,209.0,236.1818181818182,50.54545454545455,0.0,0.0,0.0,0.0,0.0,0.0
쏘나타,YF소나타 하이브리드,878.6,3300.0,8.7,287.0,591.6,304.6,80.2,0.4,0.0,0.0,0.0,0.0
쏘나타,YF쏘나타,679.551724137931,2600.0,8.7,226.0,453.55172413793105,233.31034482758622,59.827586206896555,1.9655172413793103,0.0,0.0,0.0,0.0
쏘나타,쏘나타 DN8,2060.9140625,2600.0,8.7,226.0,1834.9140625,1614.7890625,1403.5078125,1215.8828125,1034.1953125,855.8671875,678.8046875,504.9453125
쏘나타,쏘나타 DN8 하이브리드,2613.478260869565,3300.0,8.7,287.0,2326.478260869565,2049.217391304348,1774.695652173913,1509.1304347826087,1259.5652173913043,1010.0,760.4347826086956,510.8695652173913
쏘나타,쏘나타 뉴 라이즈,1466.418181818182,2600.0,8.7,226.0,1240.418181818182,1016.7636363636364,803.3818181818182,601.8909090909091,415.6,249.7,120.60909090909091,44.24545454545454
쏘나타,쏘나타 뉴 라이즈 하이브리드,1523.7083333333333,3000.0,8.7,261.0,1262.7083333333333,1033.0416666666667,853.375,687.875,524.75,369.4166666666667,221.375,121.91666666666667
쏘나타,쏘나타 더 브릴리언트,865.3333333333334,2600.0,8.7,226.0,639.3333333333334,420.3888888888889,238.11111111111111,77.88888888888889,1.1111111111111112,0.0,0.0,0.0
쏘나타,쏘나타 하이브리드,1009.0909090909091,3200.0,8.7,278.0,731.0909090909091,453.09090909090907,180.9090909090909,10.727272727272727,0.0,0.0,0.0,0.0
쏘렌토,MQ4,1257.2881355932204,4000.0,9.1,364.0,893.2881355932203,539.6610169491526,281.3220338983051,107.42372881355932,13.05084745762712,4.508474576271187,0.0,0.0
쏘렌토,뉴 쏘렌토R (12~14년),1294.3939393939395,3000.0,9.1,273.0,1021.3939393939394,748.3939393939394,475.3939393939394,219.78787878787878,49.84848484848485,3.393939393939394,0.0,0.0
쏘렌토,더 뉴 쏘렌토 (17~20년),1997.3489361702127,3200.0,9.1,291.0,1706.3489361702127,1420.063829787234,1151.6765957446808,900.268085106383,670.7531914893617,462.77021276595747,281.0382978723404,137.75744680851065
쏘렌토,쏘렌토 (02~06년),290.0,2500.0,9.1,228.0,62.0,0.0,0.0,0.0,0.0,0.0,0.0,0.0
쏘렌토,쏘렌토 4세대 (20년~현재),4051.904761904762,4000.0,9.1,364.0,3687.904761904762,3323.904761904762,2959.904761904762,2595.904761904762,2231.904761904762,1867.904761904762,1503.904761904762,1139.904761904762
쏘렌토,쏘렌토 4세대 하이브리드 (20년~현재),4510.304347826087,4500.0,9.1,410.0,4100.304347826087,3690.304347826087,3280.304347826087,2870.304347826087,2460.304347826087,2050.304347826087,1640.304347826087,1230.304347826087
쏘렌토,쏘렌토R (09~12년),928.6111111111111,3000.0,9.1,273.0,655.6111111111111,382.6111111111111,155.38888888888889,35.77777777777778,3.3333333333333335,0.0,0.0,0.0
쏘렌토,올 뉴 쏘렌토 (14~17년),1879.94578313253,3000.0,9.1,273.0,1606.94578313253,1334.2831325301204,1067.0060240963855,804.5963855421687,546.6626506024096,302.48192771084337,119.07228915662651,32.825301204819276
쏘울,더 뉴 쏘울 (16~19년),1009.0,2500.0,8.3,208.0,807.8,625.2,469.2,327.8,211.0,126.8,50.8,16.6
쏘울,쏘울 (08~13년),693.3333333333334,2000.0,8.3,166.0,527.3333333333334,361.3333333333333,207.6,89.73333333333333,28.0,0.0,0.0,0.0
쏘울,쏘울 부스터 (19년~현재),1573.076923076923,2000.0,8.3,166.0,1407.076923076923,1241.076923076923,1075.076923076923,926.9230769230769,799.2307692307693,672.7692307692307,557.8461538461538,442.9230769230769
쏘울,올 뉴 쏘울 (13~16년),858.0,2000.0,8.3,166.0,692.0,536.4,403.6,273.6,176.0,109.6,43.2,0.0
쏠라티,쏠라티,1528.0,6600.0,25.6,1690.0,420.0,82.0,0.0,0.0,0.0,0.0,0.0,0.0
아반떼,더 뉴 아반떼,949.0,2400.0,7.3,175.0,774.0,599.0,424.0,250.0,93.33333333333333,12.833333333333334,0.25,0.0
아반떼,더 뉴 아반떼AD,1404.4324324324325,1800.0,7.299999999999999,131.0,1273.4324324324325,1144.4324324324325,1024.8243243243244,907.4054054054054,793.8918918918919,682.7297297297297,576.4594594594595,471.85135135135135
아반떼,더 뉴 아반떼MD,823.25,2155.0,7.3,157.0,666.25,509.25,354.0,207.45833333333334,92.58333333333333,23.25,0.4583333333333333,0.0
아반떼,아반떼,820.0,1700.0,7.3,124.0,696.0,572.0,448.0,324.0,200.0,76.0,0.0,0.0
아반떼,아반떼 CN7,1794.1929824561403,2600.0,7.3,190.0,1604.1929824561403,1430.859649122807,1278.578947368421,1140.859649122807,1004.1929824561404,867.5263157894736,730.859649122807,594.1929824561404
아반떼,아반떼 CN7 하이브리드,2906.6666666666665,1800.0,7.3,131.0,2775.6666666666665,2644.6666666666665,2513.6666666666665,2382.6666666666665,2251.6666666666665,2120.6666666666665,1989.6666666666667,1858.6666666666667
아반떼,아반떼 쿠페,720.0,2000.0,7.3,146.0,574.0,428.0,282.0,136.0,0.0,0.0,0.0,0.0
아반떼,아반떼 하이브리드,330.0,2600.0,7.3,190.0,140.0,0.0,0.0,0.0,0.0,0.0,0.0,0.0
아반떼,아반떼AD,1195.896373056995,2000.0,7.299999999999999,146.0,1049.896373056995,904.9637305699482,761.2331606217616,617.5025906735751,474.9637305699482,340.47668393782385,214.71502590673575,115.9119170984456
아반떼,아반떼HD,458.1818181818182,1700.0,7.3,124.0,334.1818181818182,210.1818181818182,98.54545454545455,20.181818181818183,0.9090909090909091,0.0,0.0,0.0
아반떼,아반떼MD,735.7757575757576,1700.0,7.3,124.0,611.7757575757576,487.77575757575755,363.77575757575755,241.93333333333334,127.49090909090908,41.07878787878788,6.484848484848484,0.1696969696969697
아반떼,올 뉴 모닝 (11~15년),750.0,1300.0,7.3,95.0,655.0,560.0,465.0,370.0,275.0,180.0,85.0,0.0
아베오,더 뉴 아베오,860.0,1800.0,8.3,149.0,711.0,562.0,413.0,264.0,115.0,0.0,0.0,0.0
아베오,아베오,515.0,1550.0,8.3,129.0,386.0,257.0,143.5,52.5,5.625,0.0,0.0,0.0
아슬란,아슬란,1605.1739130434783,4200.0,9.7,407.0,1198.1739130434783,791.1739130434783,386.8695652173913,77.95652173913044,0.0,0.0,0.0,0.0
아이오닉,더 뉴 아이오닉 일렉트릭,2895.0,4300.0,6.900000000000001,297.0,2598.0,2301.0,2004.0,1707.0,1410.0,1113.0,816.0,519.0
아이오닉,더 뉴 아이오닉 하이브리드,2578.3333333333335,2800.0,6.900000000000001,193.0,2385.3333333333335,2192.3333333333335,1999.3333333333333,1806.3333333333333,1613.3333333333333,1420.3333333333333,1227.3333333333333,1034.3333333333333
아이오닉,아이오닉 플러그인,440.0,3300.0,6.9,228.0,212.0,0.0,0.0,0.0,0.0,0.0,0.0,0.0
아이오닉,아이오닉 하이브리드,1861.1764705882354,2400.0,6.9,166.0,1695.1764705882354,1529.1764705882354,1370.0588235294117,1218.7058823529412,1069.4117647058824,931.7058823529412,799.8823529411765,668.0588235294117
아이오닉5,아이오닉5,5040.833333333333,5300.0,-1.0,-1.0,-1.0,-1.0,-1.0,-1.0,-1.0,-1.0,-1.0,-1.0
아테온,아테온,3407.0,5800.0,12.5,725.0,2682.0,1957.0,1232.0,507.0,42.5,0.0,0.0,0.0
알티마,알티마 4세대,575.0,4000.0,9.9,396.0,179.0,0.0,0.0,0.0,0.0,0.0,0.0,0.0
알티마,알티마 5세대,1120.0,4000.0,9.9,396.0,724.0,350.8,166.8,23.2,0.0,0.0,0.0,0.0
알티마,알티마 6세대,2166.6666666666665,3440.0,9.9,341.0,1825.6666666666667,1484.6666666666667,1143.6666666666667,802.6666666666666,461.6666666666667,120.66666666666667,0.0,0.0
알페온,알페온,734.0833333333334,3600.0,8.3,299.0,435.0833333333333,174.83333333333334,53.25,3.1666666666666665,0.0,0.0,0.0,0.0
액티언,액티언,299.0,2300.0,6.2,143.0,156.0,13.0,0.0,0.0,0.0,0.0,0.0,0.0
액티언,액티언스포츠,565.0,2200.0,6.2,136.0,429.0,293.0,157.0,21.0,0.0,0.0,0.0,0.0
어코드,어코드 10세대,2827.5,3800.0,7.5,285.0,2542.5,2257.5,1972.5,1687.5,1402.5,1117.5,832.5,547.5
어코드,어코드 7세대,320.0,2500.0,7.5,188.0,132.0,0.0,0.0,0.0,0.0,0.0,0.0,0.0
어코드,어코드 9세대,1210.0,3800.0,7.5,285.0,925.0,700.0,510.0,320.0,130.0,20.0,0.0,0.0
에비에이터,올 뉴 에비에이터,7909.25,10060.0,-1.0,-1.0,-1.0,-1.0,-1.0,-1.0,-1.0,-1.0,-1.0,-1.0
에스컬레이드,에스컬레이드 3세대,1990.0,12420.0,9.5,1180.0,810.0,0.0,0.0,0.0,0.0,0.0,0.0,0.0
에스컬레이드,에스컬레이드 4세대,7079.0,13817.0,9.5,1313.0,5766.0,4453.0,3140.0,1827.0,939.0,259.6666666666667,0.0,0.0
에쿠스,뉴 에쿠스,1514.03125,8000.0,8.7,696.0,825.34375,294.09375,41.40625,0.0,0.0,0.0,0.0,0.0
엑센트,엑센트(신형),674.8933333333333,1900.0,7.4,141.0,533.8933333333333,393.4533333333333,255.4,133.34666666666666,43.53333333333333,9.306666666666667,0.44,0.0
오딧세이,올 뉴 오딧세이,3750.0,5710.0,11.4,651.0,3099.0,2448.0,1797.0,1146.0,495.0,0.0,0.0,0.0
오피러스,뉴 오피러스 (06~09년),530.0,4000.0,7.0,280.0,250.0,0.0,0.0,0.0,0.0,0.0,0.0,0.0
오피러스,오피러스 프리미엄 (09~11년),620.0,3500.0,7.0,245.0,375.0,138.0,1.0,0.0,0.0,0.0,0.0,0.0
올란도,올란도,983.9176470588235,2500.0,8.9,223.0,760.9176470588235,538.3411764705883,336.6941176470588,178.6235294117647,70.88235294117646,13.811764705882354,0.10588235294117647,0.0
우루스,우루스,30390.0,25600.0,-1.0,-1.0,-1.0,-1.0,-1.0,-1.0,-1.0,-1.0,-1.0,-1.0
윈스톰,윈스톰,397.25,3100.0,6.7,208.0,189.25,37.0,0.0,0.0,0.0,0.0,0.0,0.0
윈스톰,윈스톰 맥스,450.0,2800.0,6.7,188.0,262.0,74.0,0.0,0.0,0.0,0.0,0.0,0.0
이스케이프,이스케이프,1010.0,3950.0,8.3,328.0,682.0,354.0,26.0,0.0,0.0,0.0,0.0,0.0
이쿼녹스,이쿼녹스,2251.818181818182,3500.0,10.6,371.0,1880.8181818181818,1509.8181818181818,1138.8181818181818,767.8181818181819,409.09090909090907,120.36363636363636,16.636363636363637,0.0
이클립스,이클립스,1280.0,4040.0,6.8,275.0,1005.0,730.0,455.0,180.0,0.0,0.0,0.0,0.0
익스프레스밴,익스프레스,2316.5,8000.0,5.5,440.0,1876.5,1436.5,1123.3333333333333,876.6666666666666,656.6666666666666,495.0,403.3333333333333,330.0
익스플로러,익스플로러 5세대,2359.0,5460.0,9.0,491.0,1868.0,1377.0,919.4285714285714,576.8857142857142,290.8285714285714,115.48571428571428,51.68571428571428,26.34285714285714
임팔라,임팔라,1444.4545454545455,3900.0,11.5,449.0,995.4545454545455,546.4545454545455,162.1818181818182,0.0,0.0,0.0,0.0,0.0
제네시스,EQ900,3283.0075187969924,9000.0,13.6,1224.0,2068.8571428571427,990.3308270676691,236.7669172932331,12.887218045112782,0.0,0.0,0.0,0.0
제네시스,G70,2664.9655172413795,4400.0,13.6,598.0,2066.9655172413795,1487.7241379310344,1007.6034482758621,555.7931034482758,235.4051724137931,67.82758620689656,30.103448275862068,14.637931034482758
제네시스,G80,2989.8783783783783,6117.0,13.6,832.0,2167.0675675675675,1426.2432432432433,805.831081081081,447.1655405405405,283.81756756756755,191.30405405405406,103.28378378378379,52.2027027027027
제네시스,G90,4841.973684210527,10737.0,13.6,1460.0,3414.6052631578946,2321.184210526316,1453.8157894736842,627.7631578947369,121.57894736842105,28.68421052631579,8.947368421052632,0.0
제네시스,GV60,7385.0,7143.0,13.6,971.0,6414.0,5443.0,4472.0,3501.0,2530.0,1559.0,588.0,0.0
제네시스,GV70,4058.3783783783783,6484.0,13.6,882.0,3178.6486486486488,2440.810810810811,1855.2972972972973,1363.7837837837837,887.027027027027,419.5135135135135,55.945945945945944,0.0
제네시스,GV80,3287.4,6900.0,13.6,938.0,2366.2363636363634,1660.709090909091,1136.4545454545455,844.2363636363636,599.2181818181818,377.5090909090909,163.54545454545453,15.127272727272727
제네시스,더 뉴 G70,2295.5555555555557,4915.0,13.6,668.0,1639.5555555555557,1148.888888888889,829.7777777777778,607.1111111111111,384.44444444444446,161.77777777777777,14.88888888888889,0.0
제네시스,더 뉴 제네시스 쿠페,1260.0,3400.0,13.6,462.0,798.0,361.5,57.25,0.0,0.0,0.0,0.0,0.0
제네시스,더 올 뉴 G80,5692.727272727273,7200.0,13.6,979.0,4713.727272727273,3734.7272727272725,2755.7272727272725,1776.7272727272727,810.9090909090909,201.8181818181818,22.454545454545453,0.0
제네시스,올 뉴 모닝 (11~15년),2130.0,1300.0,13.6,177.0,1953.0,1776.0,1599.0,1422.0,1292.5,1204.0,1115.5,1027.0
제네시스,제네시스,956.4347826086956,5200.0,13.6,707.0,273.0,28.0,0.0,0.0,0.0,0.0,0.0,0.0
제네시스,제네시스 쿠페,573.3636363636364,3200.0,13.6,435.0,153.0,8.454545454545455,0.0,0.0,0.0,0.0,0.0,0.0
제네시스,제네시스DH,2023.1637931034484,5700.0,13.6,775.0,1248.1637931034484,491.5344827586207,40.43103448275862,0.0,0.0,0.0,0.0,0.0
제타,제타,2561.6666666666665,3300.0,9.6,317.0,2244.6666666666665,1927.6666666666667,1610.6666666666667,1293.6666666666667,976.6666666666666,659.6666666666666,342.6666666666667,69.33333333333333
제타,제타 6세대,921.8181818181819,3300.0,9.6,317.0,604.8181818181819,310.90909090909093,67.63636363636364,2.0,0.0,0.0,0.0,0.0
젠트라,젠트라,220.0,1300.0,5.9,77.0,143.0,66.0,0.0,0.0,0.0,0.0,0.0,0.0
조에,조에,2572.5,4300.0,-1.0,-1.0,-1.0,-1.0,-1.0,-1.0,-1.0,-1.0,-1.0,-1.0
쥬크,쥬크,1050.0,2800.0,7.8,218.0,832.0,614.0,396.0,178.0,0.0,0.0,0.0,0.0
체로키,체로키 4세대,1215.0,6870.0,10.0,687.0,528.0,0.0,0.0,0.0,0.0,0.0,0.0,0.0
체로키,체로키 5세대,2684.212121212121,4930.0,10.0,493.0,2191.212121212121,1698.2121212121212,1218.121212121212,843.1212121212121,529.6666666666666,267.75757575757575,89.18181818181819,41.878787878787875
체어맨,뉴 체어맨W,1162.0,8390.0,8.5,713.0,449.0,32.2,0.0,0.0,0.0,0.0,0.0,0.0
체어맨,체어맨 H,389.5,3900.0,8.5,332.0,99.0,0.0,0.0,0.0,0.0,0.0,0.0,0.0
체어맨,체어맨 H 뉴 클래식,485.0,4300.0,8.5,366.0,120.5,14.5,0.0,0.0,0.0,0.0,0.0,0.0
체어맨,체어맨 W,379.4,7100.0,8.5,604.0,0.0,0.0,0.0,0.0,0.0,0.0,0.0,0.0
체어맨,체어맨H,270.0,4100.0,8.5,349.0,0.0,0.0,0.0,0.0,0.0,0.0,0.0,0.0
체어맨,체어맨W,522.8571428571429,7700.0,8.5,655.0,35.714285714285715,0.0,0.0,0.0,0.0,0.0,0.0,0.0
카니발,그랜드 카니발 (05~10년),438.6666666666667,3500.0,10.7,375.0,99.77777777777777,0.0,0.0,0.0,0.0,0.0,0.0,0.0
카니발,뉴 카니발 R (10~14년),738.9354838709677,3500.0,10.7,375.0,365.38709677419354,103.2258064516129,21.612903225806452,0.0,0.0,0.0,0.0,0.0
카니발,더 뉴 카니발 (18~20년),2258.116666666667,3860.0,10.7,413.0,1846.0,1455.4666666666667,1105.3958333333333,789.5666666666667,521.0791666666667,309.8,151.61666666666667,60.075
카니발,올 뉴 카니발 (14~18년),2042.112676056338,3600.0,10.7,385.0,1657.112676056338,1277.4178403755868,925.3051643192488,602.3004694835681,347.9765258215962,190.58215962441315,99.52112676056338,62.57746478873239
카니발,카니발 4세대 (20년~현재),2189.0689655172414,3800.0,10.7,407.0,1782.0689655172414,1394.8620689655172,1094.2586206896551,830.8620689655172,690.2758620689655,563.9655172413793,437.6551724137931,311.3448275862069
카렌스,뉴 카렌스 (06~08년),503.3333333333333,2200.0,9.0,198.0,305.3333333333333,142.66666666666666,12.0,0.0,0.0,0.0,0.0,0.0
카렌스,더 뉴 카렌스 (16~18년)0,856.3636363636364,2200.0,9.0,198.0,658.3636363636364,467.27272727272725,323.8181818181818,208.9090909090909,116.36363636363636,44.36363636363637,11.272727272727273,0.0
카렌스,올 뉴 카렌스 (13~16년),1033.5454545454545,2200.0,9.0,198.0,835.5454545454545,637.5454545454545,439.54545454545456,241.54545454545453,107.27272727272727,47.63636363636363,11.636363636363637,0.0
카마로,더 뉴 카마로SS,3350.0,5100.0,9.1,464.0,2886.0,2422.0,1958.0,1494.0,1030.0,566.0,102.0,0.0
카마로,카마로,1349.0,5000.0,9.1,455.0,894.0,439.0,0.0,0.0,0.0,0.0,0.0,0.0
카마로,카마로SS,2420.0,5400.0,9.1,491.0,1929.0,1438.0,947.0,463.0,217.5,0.0,0.0,0.0
카운티,카운티,2826.25,6000.0,5.6,336.0,2490.25,2154.25,1818.25,1571.75,1403.75,1244.0,1118.0,992.0
카이런,뉴카이런,219.5,3000.0,6.9,207.0,46.0,0.0,0.0,0.0,0.0,0.0,0.0,0.0
카이엔,카이엔 2세대,3785.0,17680.0,8.9,1574.0,2211.0,637.0,0.0,0.0,0.0,0.0,0.0,0.0
카이엔,카이엔 3세대,13825.0,13970.0,8.9,1243.0,12582.0,11339.0,10096.0,8853.0,7610.0,6367.0,5124.0,3881.0
캐스퍼,캐스퍼,2119.0,1600.0,-1.0,-1.0,-1.0,-1.0,-1.0,-1.0,-1.0,-1.0,-1.0,-1.0
캐시카이,캐시카이,1390.0,3400.0,8.4,286.0,1104.0,818.0,532.0,246.0,0.0,0.0,0.0,0.0
캘리버,캘리버,380.0,2820.0,3.8,107.0,273.0,166.0,59.0,0.0,0.0,0.0,0.0,0.0
캠리,캠리,2068.625,3560.0,7.8,278.0,1790.625,1512.625,1234.625,966.875,760.0,586.25,424.5,285.5
캠리,캠리 7세대,2006.6666666666667,3800.0,7.8,296.0,1710.6666666666667,1414.6666666666667,1118.6666666666667,822.6666666666666,526.6666666666666,292.6666666666667,126.0,27.333333333333332
캠리,캠리 8세대,3040.0,4000.0,7.8,312.0,2728.0,2416.0,2104.0,1792.0,1480.0,1168.0,856.0,544.0
캡처,캡처,2152.6666666666665,2800.0,-1.0,-1.0,-1.0,-1.0,-1.0,-1.0,-1.0,-1.0,-1.0,-1.0
캡티바,캡티바,1038.090909090909,3100.0,8.2,254.0,784.0909090909091,531.5454545454545,295.54545454545456,135.33333333333334,46.06060606060606,2.787878787878788,0.0,0.0
컨버터블,쿠퍼 컨버터블 2세대,1690.0,4360.0,10.9,475.0,1215.0,740.0,265.0,0.0,0.0,0.0,0.0,0.0
컨버터블,쿠퍼 컨버터블 3세대,2909.8,5520.0,10.9,602.0,2307.8,1705.8,1111.0,730.8,490.0,249.2,61.2,0.0
컨트리맨,쿠퍼 컨트리맨 1세대,1232.642857142857,4860.0,9.7,471.0,761.6428571428571,311.2142857142857,71.28571428571429,0.0,0.0,0.0,0.0,0.0
컨트리맨,쿠퍼 컨트리맨 2세대,3154.0714285714284,5200.0,9.7,504.0,2650.0714285714284,2146.0714285714284,1645.7857142857142,1177.7857142857142,735.5,387.5,152.64285714285714,41.142857142857146
컨티넨탈,컨티넨탈 10세대,3570.0,8900.0,13.800000000000002,1228.0,2342.0,1114.0,212.0,0.0,0.0,0.0,0.0,0.0
컴패스,컴패스 1세대,786.8571428571429,3580.0,8.5,304.0,482.85714285714283,235.14285714285714,88.0,9.142857142857142,0.0,0.0,0.0,0.0
컴패스,컴패스 2세대,2575.0,4590.0,8.5,390.0,2185.0,1795.0,1405.0,1015.0,625.0,250.0,61.666666666666664,0.0
코나,더 뉴 코나,1932.857142857143,2600.0,9.0,234.0,1698.857142857143,1464.857142857143,1231.142857142857,1030.5714285714287,830.0,679.1428571428571,545.4285714285714,411.7142857142857
코나,더 뉴 코나 하이브리드,560.0,2800.0,9.0,252.0,308.0,56.0,0.0,0.0,0.0,0.0,0.0,0.0
코나,코나,1781.1684210526316,2500.0,9.0,225.0,1556.1684210526316,1334.6421052631579,1119.1684210526316,909.8,701.3789473684211,494.53684210526313,298.69473684210527,146.1263157894737
코나,코나 N,3372.5,3418.0,9.0,308.0,3064.5,2756.5,2448.5,2140.5,1832.5,1524.5,1216.5,908.5
코나,코나 일렉트릭,3005.4545454545455,4890.0,9.0,440.0,2565.4545454545455,2125.4545454545455,1685.4545454545455,1245.4545454545455,805.4545454545455,365.45454545454544,33.63636363636363,0.0
코나,코나 하이브리드,1575.0,2700.0,9.0,243.0,1332.0,1089.0,895.5,774.0,652.5,531.0,409.5,288.0
코란도,뉴 스타일 코란도,1359.357142857143,2650.0,8.5,225.0,1134.357142857143,909.3571428571429,684.3571428571429,459.35714285714283,249.0,73.64285714285714,4.0,0.0
코란도,뉴 스타일 코란도 C,1849.5,2800.0,8.5,238.0,1611.5,1373.5,1135.5,897.5,659.5,421.5,216.5,97.5
코란도,뉴 코란도,830.2058823529412,2600.0,8.5,221.0,609.2058823529412,390.11764705882354,190.52941176470588,64.23529411764706,4.852941176470588,0.0,0.0,0.0
코란도,뉴 코란도 C,1136.6666666666667,2800.0,8.5,238.0,898.6666666666666,660.6666666666666,422.6666666666667,188.86666666666667,27.333333333333332,0.0,0.0,0.0
코란도,더 뉴 코란도 스포츠,1583.6315789473683,2500.0,8.5,213.0,1370.6315789473683,1157.6315789473683,944.6315789473684,731.6315789473684,518.6315789473684,307.10526315789474,137.21052631578948,28.210526315789473
코란도,뷰티풀 코란도,2127.5757575757575,2700.0,8.5,230.0,1897.5757575757575,1667.5757575757575,1437.5757575757575,1207.5757575757575,977.5757575757576,747.5757575757576,517.5757575757576,290.6060606060606
코란도,코란도 C,571.5,2600.0,8.5,221.0,350.5,129.5909090909091,8.409090909090908,0.0,0.0,0.0,0.0,0.0
코란도,코란도 스포츠,1170.3559322033898,2500.0,8.5,213.0,957.3559322033898,744.3559322033898,531.3559322033898,328.77966101694915,159.74576271186442,40.88135593220339,4.491525423728813,0.0
코란도,코란도 투리스모,1165.1379310344828,3000.0,8.5,255.0,910.1379310344828,655.1379310344828,430.3448275862069,267.58620689655174,153.79310344827587,74.82758620689656,28.96551724137931,11.379310344827585
코세어,코세어,4820.0,5850.0,-1.0,-1.0,-1.0,-1.0,-1.0,-1.0,-1.0,-1.0,-1.0,-1.0
콜로라도,리얼 뉴 콜로라도,3850.0,4050.0,-1.0,-1.0,-1.0,-1.0,-1.0,-1.0,-1.0,-1.0,-1.0,-1.0
콜로라도,콜로라도,3258.777777777778,4400.0,-1.0,-1.0,-1.0,-1.0,-1.0,-1.0,-1.0,-1.0,-1.0,-1.0
콰트로포르테,콰트로포르테  6세대,5724.833333333333,22100.0,12.699999999999998,2807.0,2917.8333333333335,745.1666666666666,229.83333333333334,0.0,0.0,0.0,0.0,0.0
쿠가,쿠가,1014.5,4200.0,12.6,529.0,485.5,0.0,0.0,0.0,0.0,0.0,0.0,0.0
쿠퍼,쿠퍼 1세대,880.0,4860.0,9.6,467.0,413.0,0.0,0.0,0.0,0.0,0.0,0.0,0.0
쿠퍼,쿠퍼 2세대,789.6428571428571,4600.0,9.6,442.0,348.5,39.785714285714285,0.0,0.0,0.0,0.0,0.0,0.0
쿠퍼,쿠퍼 3세대,2236.714285714286,4930.0,9.6,473.0,1763.7142857142858,1292.061224489796,848.1632653061224,527.0204081632653,277.8979591836735,121.85714285714286,42.10204081632653,12.693877551020408
쿠페,쿠퍼 쿠페,1276.6666666666667,4660.0,8.1,377.0,899.6666666666666,522.6666666666666,202.66666666666666,47.333333333333336,0.0,0.0,0.0,0.0
큐브,큐브 3세대,650.0,2400.0,6.4,154.0,496.0,342.0,188.0,34.0,0.0,0.0,0.0,0.0
큐브,프론티어,750.0,2400.0,6.4,154.0,596.0,442.0,288.0,134.0,0.0,0.0,0.0,0.0
크루즈,더 뉴 맥스크루즈,2072.7083333333335,3800.0,8.1,308.0,1764.7083333333333,1456.7083333333333,1168.2083333333333,895.125,638.125,383.875,168.83333333333334,55.25
크루즈,맥스크루즈,1715.8823529411766,3900.0,8.1,316.0,1399.8823529411766,1083.8823529411766,767.8823529411765,451.88235294117646,159.41176470588235,8.352941176470589,0.0,0.0
크루즈,베라크루즈,1213.35,3850.0,8.1,312.0,901.35,633.15,444.65,291.35,154.45,58.35,5.6,0.0
크루즈,어메이징 뉴 크루즈,805.1428571428571,2000.0,8.1,162.0,643.1428571428571,481.14285714285717,319.14285714285717,164.10714285714286,52.5,10.857142857142858,0.5714285714285714,0.0
크루즈,올 뉴 크루즈,1186.3,2300.0,8.1,186.0,1000.3,814.3,628.3,442.3,265.6333333333333,115.8,21.0,1.0666666666666667
크루즈,크루즈,553.3191489361702,2100.0,8.1,170.0,383.3191489361702,219.29787234042553,93.61702127659575,19.78723404255319,0.0,0.0,0.0,0.0
클럽맨,쿠퍼 클럽맨 1세대,808.0,4240.0,10.2,432.0,376.0,98.4,6.8,0.0,0.0,0.0,0.0,0.0
클럽맨,쿠퍼 클럽맨 2세대,3144.214285714286,5040.0,10.2,514.0,2630.214285714286,2116.214285714286,1602.2142857142858,1088.2142857142858,622.7857142857143,289.85714285714283,101.85714285714286,38.42857142857143
클리오,클리오,1108.75,2200.0,13.2,290.0,818.75,537.5,283.75,50.625,0.0,0.0,0.0,0.0
타이칸,타이칸,17925.0,19000.0,-1.0,-1.0,-1.0,-1.0,-1.0,-1.0,-1.0,-1.0,-1.0,-1.0
테라칸,테라칸,420.0,2500.0,4.4,110.0,310.0,200.0,90.0,0.0,0.0,0.0,0.0,0.0
토러스,토러스,672.5454545454545,4440.0,9.1,404.0,289.72727272727275,60.54545454545455,0.0,0.0,0.0,0.0,0.0,0.0
토스카,토스카,184.0,2500.0,6.5,163.0,21.0,0.0,0.0,0.0,0.0,0.0,0.0,0.0
토스카,토스카 프리미엄,220.0,1900.0,6.5,124.0,96.0,0.0,0.0,0.0,0.0,0.0,0.0,0.0
투싼,뉴 투싼ix,1155.1666666666667,2200.0,8.8,194.0,961.1666666666666,767.1666666666666,573.1666666666666,379.1666666666667,200.16666666666666,77.02777777777777,17.11111111111111,0.0
투싼,디 올 뉴 투싼,1814.2857142857142,3000.0,8.8,264.0,1550.857142857143,1324.5714285714287,1167.4285714285713,1016.5714285714286,895.7142857142857,782.5714285714286,669.4285714285714,556.2857142857143
투싼,디 올 뉴 투싼 하이브리드,3327.777777777778,3200.0,8.8,282.0,3045.777777777778,2787.5555555555557,2536.8888888888887,2286.222222222222,2035.5555555555557,1784.888888888889,1534.2222222222222,1283.5555555555557
투싼,올 뉴 투싼,1654.9282296650717,3000.0,8.8,264.0,1390.9282296650717,1130.8708133971293,882.0191387559809,643.3492822966507,417.85167464114835,229.8755980861244,114.69856459330144,46.057416267942585
투싼,투싼,412.0,3000.0,8.8,264.0,157.6,26.8,0.0,0.0,0.0,0.0,0.0,0.0
투싼,투싼ix,678.3846153846154,2400.0,8.8,211.0,467.38461538461536,256.38461538461536,63.46153846153846,4.3076923076923075,0.0,0.0,0.0,0.0
투아렉,투아렉 1세대,1450.0,10000.0,8.7,870.0,580.0,0.0,0.0,0.0,0.0,0.0,0.0,0.0
투아렉,투아렉 2세대,2580.0,8500.0,8.7,740.0,1840.0,1100.0,360.0,0.0,0.0,0.0,0.0,0.0
툰드라,툰드라,4180.0,8500.0,6.4,544.0,3636.0,3092.0,2548.0,2004.0,1460.0,916.0,372.0,0.0
트래버스,트래버스,4077.5,5500.0,-1.0,-1.0,-1.0,-1.0,-1.0,-1.0,-1.0,-1.0,-1.0,-1.0
트랙스,더 뉴 트랙스,1567.8118811881188,2000.0,7.3,146.0,1421.8118811881188,1275.8118811881188,1129.8118811881188,983.8118811881188,837.8118811881188,691.8118811881188,546.7227722772277,403.48514851485146
트랙스,트랙스,952.8780487804878,2000.0,7.300000000000001,146.0,806.8780487804878,660.8780487804878,514.8780487804878,369.7073170731707,229.0,107.65853658536585,27.951219512195124,3.1219512195121952
트레일블레이저,트레일블레이저,2485.3,2500.0,-1.0,-1.0,-1.0,-1.0,-1.0,-1.0,-1.0,-1.0,-1.0,-1.0
트위지,트위지,350.0,1500.0,25.6,384.0,0.0,0.0,0.0,0.0,0.0,0.0,0.0,0.0
티구안,티구안 1세대,1236.111111111111,4290.0,9.2,395.0,841.1111111111111,449.44444444444446,190.55555555555554,52.77777777777778,0.0,0.0,0.0,0.0
티구안,티구안 2세대,2951.923076923077,4300.0,9.2,396.0,2555.923076923077,2159.923076923077,1771.923076923077,1391.1538461538462,1010.3846153846154,634.4615384615385,290.84615384615387,44.0
티구안,티구안 올스페이스 2세대,3363.3333333333335,4600.0,9.2,423.0,2940.3333333333335,2517.3333333333335,2094.3333333333335,1671.3333333333333,1248.3333333333333,825.3333333333334,432.6666666666667,155.33333333333334
티록,티록,3350.0,3500.0,-1.0,-1.0,-1.0,-1.0,-1.0,-1.0,-1.0,-1.0,-1.0,-1.0
티볼리,베리 뉴 티볼리,1877.642857142857,2300.0,7.9,182.0,1695.642857142857,1513.642857142857,1331.642857142857,1149.642857142857,967.6428571428571,785.6428571428571,604.2142857142857,426.6904761904762
티볼리,티볼리,1249.5454545454545,2050.0,7.9,162.0,1087.5454545454545,925.5454545454545,763.5454545454545,601.5454545454545,441.969696969697,288.5353535353535,154.93939393939394,57.25252525252525
티볼리,티볼리 아머,1501.7575757575758,2250.0,7.8999999999999995,178.0,1323.7575757575758,1145.7575757575758,967.7575757575758,789.7575757575758,611.7575757575758,434.93939393939394,263.27272727272725,116.43939393939394
티볼리,티볼리 에어,1460.7066666666667,2250.0,7.9,178.0,1282.7066666666667,1104.7066666666667,926.7066666666667,748.7066666666667,570.7066666666667,396.17333333333335,239.28,120.21333333333334
파나메라,파나메라 1세대,4756.166666666667,12030.0,6.099999999999999,734.0,4022.1666666666665,3288.1666666666665,2554.1666666666665,1820.1666666666667,1202.8333333333333,713.5,313.5,138.0
파나메라,파나메라 2세대,12583.333333333334,15140.0,6.099999999999999,924.0,11659.333333333334,10735.333333333334,9811.333333333334,8887.333333333334,7963.333333333333,7039.333333333333,6115.333333333333,5191.333333333333
파사트,파사트 7세대,1208.0,3613.0,9.2,332.0,876.0,571.4,285.8,132.4,66.0,0.0,0.0,0.0
파사트,파사트 GT 8세대,2797.777777777778,4800.0,9.2,442.0,2355.777777777778,1913.7777777777778,1471.7777777777778,1029.7777777777778,587.7777777777778,227.11111111111111,83.55555555555556,23.77777777777778
파일럿,파일럿 2세대,1590.0,4890.0,10.1,494.0,1096.0,602.0,108.0,0.0,0.0,0.0,0.0,0.0
파일럿,파일럿 3세대,3305.0,5950.0,10.1,601.0,2704.0,2103.0,1502.0,901.0,326.25,128.5,0.0,0.0
팰리세이드,펠리세이드,2916.1686746987953,4400.0,-1.0,-1.0,-1.0,-1.0,-1.0,-1.0,-1.0,-1.0,-1.0,-1.0
퍼시피카,퍼시피카,550.0,5950.0,5.7,339.0,211.0,0.0,0.0,0.0,0.0,0.0,0.0,0.0
페이톤,페이톤,1000.0,10000.0,8.4,840.0,316.6666666666667,6.666666666666667,0.0,0.0,0.0,0.0,0.0,0.0
포레스트,포레스트,3990.0,6000.0,-1.0,-1.0,-1.0,-1.0,-1.0,-1.0,-1.0,-1.0,-1.0,-1.0
포르테,포르테 (08~13년),517.0,1800.0,6.9,124.0,393.0,269.0,145.41176470588235,57.294117647058826,5.294117647058823,0.0,0.0,0.0
포르테,포르테 쿱 (09~13년),483.22222222222223,2000.0,6.9,138.0,345.22222222222223,207.22222222222223,84.0,32.888888888888886,6.666666666666667,0.0,0.0,0.0
포르테,포르테 해치백 (10~13년),534.0,1500.0,6.9,104.0,430.0,326.0,222.0,118.0,24.5,0.0,0.0,0.0
포커스,포커스,1250.0,3460.0,10.6,367.0,883.0,516.0,149.0,0.0,0.0,0.0,0.0,0.0
포터,뉴 포터,2689.0,2100.0,7.8,164.0,2525.0,2361.0,2197.0,2033.0,1869.0,1705.0,1541.0,1377.0
포터,포터,1282.0,2000.0,7.8,156.0,1126.0,970.0,821.6,696.8,572.0,448.4,354.8,261.2
포터,포터2,1180.7005347593583,2100.0,7.8,164.0,1016.7005347593583,853.7379679144385,703.5989304812834,567.1229946524064,452.0748663101604,354.89304812834223,270.4866310160428,198.55080213903744
포터,포터2 일렉트릭,2818.181818181818,4100.0,7.8,320.0,2498.181818181818,2178.181818181818,1858.1818181818182,1538.1818181818182,1218.1818181818182,898.1818181818181,578.1818181818181,258.1818181818182
포투,포투 2세대,1045.0,2600.0,5.4,140.0,905.0,765.0,625.0,485.0,345.0,240.0,170.0,100.0
폴로,폴로 5세대,825.8,2650.0,9.6,254.0,571.8,339.6,160.8,41.6,0.0,0.0,0.0,0.0
퓨전,퓨전 1세대,370.0,4760.0,8.6,409.0,0.0,0.0,0.0,0.0,0.0,0.0,0.0,0.0
퓨전,퓨전 2세대,910.0,3995.0,8.6,344.0,566.0,222.0,4.5,0.0,0.0,0.0,0.0,0.0
프라이드,뉴 프라이드 (05~11년),420.0,1500.0,6.8,102.0,318.0,216.0,114.0,12.0,0.0,0.0,0.0,0.0
프라이드,더 뉴 프라이드 (15~17년),788.5714285714286,1600.0,6.8,109.0,679.5714285714286,570.5714285714286,461.57142857142856,352.57142857142856,243.57142857142858,145.14285714285714,61.142857142857146,21.142857142857142
프라이드,올 뉴 프라이드 (11~15년),676.0555555555555,1600.0,6.8,109.0,567.0555555555555,458.05555555555554,349.05555555555554,240.05555555555554,133.69444444444446,53.5,11.0,0.2222222222222222
프론티어,프론티어 3세대,3490.0,4000.0,1.8,72.0,3418.0,3346.0,3274.0,3202.0,3130.0,3058.0,2986.0,2914.0
프리랜더,프리랜더2,830.0,6000.0,7.2,432.0,398.0,0.0,0.0,0.0,0.0,0.0,0.0,0.0
프리몬트,프리몬트,1050.0,4490.0,8.5,382.0,668.0,286.0,52.0,0.0,0.0,0.0,0.0,0.0
프리우스,프리우스,1375.0,3712.0,8.1,301.0,1074.0,773.0,493.5,343.0,192.5,42.0,0.0,0.0
프리우스,프리우스 4세대,2347.5,3600.0,8.1,292.0,2055.5,1763.5,1471.5,1179.5,887.5,611.5,465.5,319.5
플라잉스퍼,플라잉스퍼 1세대,4650.0,29000.0,7.7,2233.0,2417.0,184.0,0.0,0.0,0.0,0.0,0.0,0.0
플라잉스퍼,플라잉스퍼 2세대,12150.0,26500.0,7.7,2041.0,10109.0,8068.0,6027.0,3986.0,1945.0,0.0,0.0,0.0
휘가로,휘가로,2500.0,4000.0,1.2,48.0,2452.0,2404.0,2356.0,2308.0,2260.0,2212.0,2164.0,2116.0
